# Theta (deg), Enclosed Intensity, Normalized Enclosed Intensity
0.00000000 0.00000000 0.00000000
0.10000000 15.26968288 0.02660142
0.20000000 19.24709844 0.03353050
0.30000000 58.31109780 0.10158416
0.40000000 69.55549900 0.12117311
0.50000000 87.26571744 0.15202620
0.60000000 119.06385488 0.20742196
0.70000000 150.50131924 0.26218938
0.80000000 177.86103232 0.30985292
0.90000000 212.07497080 0.36945726
1.00000000 219.75344424 0.38283398
1.10000000 234.29422728 0.40816557
1.20000000 242.24093488 0.42200959
1.30000000 242.24093488 0.42200959
1.40000000 257.99355920 0.44945234
1.50000000 269.89665704 0.47018881
1.60000000 292.51989480 0.50960091
1.70000000 307.65785928 0.53597286
1.80000000 323.39146504 0.56338248
1.90000000 330.91196640 0.57648400
2.00000000 330.91196640 0.57648400
2.10000000 338.44515360 0.58960762
2.20000000 352.93026888 0.61484223
2.30000000 360.79918104 0.62855072
2.40000000 360.79918104 0.62855072
2.50000000 360.79918104 0.62855072
2.60000000 364.72860688 0.63539620
2.70000000 364.72860688 0.63539620
2.80000000 364.72860688 0.63539620
2.90000000 372.60573088 0.64911899
3.00000000 413.48433168 0.72033388
3.10000000 413.48433168 0.72033388
3.20000000 413.48433168 0.72033388
3.30000000 413.48433168 0.72033388
3.40000000 413.48433168 0.72033388
3.50000000 446.64255096 0.77809904
3.60000000 446.64255096 0.77809904
3.70000000 446.64255096 0.77809904
3.80000000 464.13124856 0.80856622
3.90000000 471.60719824 0.82159012
4.00000000 471.60719824 0.82159012
4.10000000 471.60719824 0.82159012
4.20000000 485.78397760 0.84628759
4.30000000 485.78397760 0.84628759
4.40000000 485.78397760 0.84628759
4.50000000 485.78397760 0.84628759
4.60000000 485.78397760 0.84628759
4.70000000 485.78397760 0.84628759
4.80000000 485.78397760 0.84628759
4.90000000 485.78397760 0.84628759
5.00000000 486.60021488 0.84770956
5.10000000 486.60021488 0.84770956
5.20000000 486.60021488 0.84770956
5.30000000 495.22651304 0.86273749
5.40000000 495.22651304 0.86273749
5.50000000 495.22651304 0.86273749
5.60000000 516.07059328 0.89905011
5.70000000 516.07059328 0.89905011
5.80000000 529.13162544 0.92180382
5.90000000 534.05380064 0.93037878
6.00000000 534.05380064 0.93037878
6.10000000 539.96588096 0.94067825
6.20000000 539.96588096 0.94067825
6.30000000 539.96588096 0.94067825
6.40000000 539.96588096 0.94067825
6.50000000 539.96588096 0.94067825
6.60000000 539.96588096 0.94067825
6.70000000 539.96588096 0.94067825
6.80000000 539.96588096 0.94067825
6.90000000 539.96588096 0.94067825
7.00000000 539.96588096 0.94067825
7.10000000 539.96588096 0.94067825
7.20000000 539.96588096 0.94067825
7.30000000 541.17878856 0.94279127
7.40000000 541.17878856 0.94279127
7.50000000 541.17878856 0.94279127
7.60000000 541.17878856 0.94279127
7.70000000 541.21874280 0.94286087
7.80000000 545.40598352 0.95015549
7.90000000 545.40598352 0.95015549
8.00000000 545.40598352 0.95015549
8.10000000 545.40598352 0.95015549
8.20000000 545.40598352 0.95015549
8.30000000 545.40598352 0.95015549
8.40000000 545.40598352 0.95015549
8.50000000 548.20828624 0.95503740
8.60000000 548.21998000 0.95505777
8.70000000 548.21998000 0.95505777
8.80000000 548.21998000 0.95505777
8.90000000 548.25965608 0.95512689
9.00000000 548.36948088 0.95531822
9.10000000 548.36948088 0.95531822
9.20000000 548.36948088 0.95531822
9.30000000 548.36948088 0.95531822
9.40000000 548.36948088 0.95531822
9.50000000 548.36948088 0.95531822
9.60000000 548.36948088 0.95531822
9.70000000 548.36948088 0.95531822
9.80000000 548.36948088 0.95531822
9.90000000 548.36948088 0.95531822
10.00000000 548.36948088 0.95531822
10.10000000 548.36948088 0.95531822
10.20000000 548.36948088 0.95531822
10.30000000 548.36948088 0.95531822
10.40000000 548.36948088 0.95531822
10.50000000 548.36948088 0.95531822
10.60000000 548.36948088 0.95531822
10.70000000 548.36948088 0.95531822
10.80000000 548.36948088 0.95531822
10.90000000 548.36948088 0.95531822
11.00000000 548.36948088 0.95531822
11.10000000 548.36948088 0.95531822
11.20000000 550.68671088 0.95935508
11.30000000 550.68671088 0.95935508
11.40000000 550.68671088 0.95935508
11.50000000 550.68671088 0.95935508
11.60000000 550.68671088 0.95935508
11.70000000 550.68671088 0.95935508
11.80000000 550.68855176 0.95935829
11.90000000 550.68855176 0.95935829
12.00000000 550.68855176 0.95935829
12.10000000 550.69078184 0.95936218
12.20000000 550.69078184 0.95936218
12.30000000 550.70627304 0.95938916
12.40000000 550.70627304 0.95938916
12.50000000 550.70627304 0.95938916
12.60000000 550.70627304 0.95938916
12.70000000 550.72356816 0.95941929
12.80000000 550.72356816 0.95941929
12.90000000 550.72356816 0.95941929
13.00000000 550.72356816 0.95941929
13.10000000 550.72356816 0.95941929
13.20000000 551.83006972 0.96134694
13.30000000 551.83132316 0.96134912
13.40000000 551.83132316 0.96134912
13.50000000 551.83132316 0.96134912
13.60000000 551.83132316 0.96134912
13.70000000 551.83681804 0.96135869
13.80000000 551.83681804 0.96135869
13.90000000 551.83681804 0.96135869
14.00000000 551.83681804 0.96135869
14.10000000 551.83681804 0.96135869
14.20000000 551.83681804 0.96135869
14.30000000 551.83681804 0.96135869
14.40000000 551.83681804 0.96135869
14.50000000 552.07582348 0.96177507
14.60000000 552.07582348 0.96177507
14.70000000 552.07582348 0.96177507
14.80000000 552.07582348 0.96177507
14.90000000 552.12813052 0.96186619
15.00000000 552.12813052 0.96186619
15.10000000 552.12900404 0.96186771
15.20000000 552.12900404 0.96186771
15.30000000 552.12900404 0.96186771
15.40000000 552.12900404 0.96186771
15.50000000 552.12900404 0.96186771
15.60000000 552.12900404 0.96186771
15.70000000 552.12900404 0.96186771
15.80000000 552.12900404 0.96186771
15.90000000 552.12900404 0.96186771
16.00000000 552.12900404 0.96186771
16.10000000 552.12900404 0.96186771
16.20000000 552.12900404 0.96186771
16.30000000 552.12900404 0.96186771
16.40000000 552.12900404 0.96186771
16.50000000 553.10536724 0.96356864
16.60000000 553.10536724 0.96356864
16.70000000 553.10536724 0.96356864
16.80000000 553.14478900 0.96363732
16.90000000 553.14478900 0.96363732
17.00000000 553.15092412 0.96364801
17.10000000 553.15092412 0.96364801
17.20000000 553.15279340 0.96365126
17.30000000 553.15279340 0.96365126
17.40000000 553.15279340 0.96365126
17.50000000 553.15279340 0.96365126
17.60000000 553.15279340 0.96365126
17.70000000 553.31935260 0.96394143
17.80000000 553.31935260 0.96394143
17.90000000 553.31935260 0.96394143
18.00000000 553.31935260 0.96394143
18.10000000 553.31935260 0.96394143
18.20000000 553.32898916 0.96395821
18.30000000 553.32898916 0.96395821
18.40000000 553.32898916 0.96395821
18.50000000 553.45764004 0.96418234
18.60000000 553.45764004 0.96418234
18.70000000 553.45764004 0.96418234
18.80000000 553.48468388 0.96422945
18.90000000 553.48468388 0.96422945
19.00000000 553.48468388 0.96422945
19.10000000 553.48468388 0.96422945
19.20000000 553.55211012 0.96434691
19.30000000 553.55211012 0.96434691
19.40000000 553.55211012 0.96434691
19.50000000 553.55211012 0.96434691
19.60000000 553.55211012 0.96434691
19.70000000 553.55384148 0.96434993
19.80000000 553.55384148 0.96434993
19.90000000 553.55384148 0.96434993
20.00000000 553.58360668 0.96440179
20.10000000 553.58360668 0.96440179
20.20000000 553.58360668 0.96440179
20.30000000 553.58360668 0.96440179
20.40000000 553.58360668 0.96440179
20.50000000 553.59746204 0.96442592
20.60000000 553.59746204 0.96442592
20.70000000 553.59746204 0.96442592
20.80000000 553.59746204 0.96442592
20.90000000 553.76587868 0.96471932
21.00000000 553.76707028 0.96472140
21.10000000 553.76707028 0.96472140
21.20000000 553.76707028 0.96472140
21.30000000 553.76707028 0.96472140
21.40000000 553.76707028 0.96472140
21.50000000 553.76707028 0.96472140
21.60000000 553.76707028 0.96472140
21.70000000 553.76707028 0.96472140
21.80000000 553.76707028 0.96472140
21.90000000 553.76707028 0.96472140
22.00000000 553.76707028 0.96472140
22.10000000 553.76707028 0.96472140
22.20000000 553.76707028 0.96472140
22.30000000 553.76707028 0.96472140
22.40000000 553.78054916 0.96474488
22.50000000 553.78054916 0.96474488
22.60000000 553.78054916 0.96474488
22.70000000 553.78054916 0.96474488
22.80000000 553.85451644 0.96487374
22.90000000 553.85451644 0.96487374
23.00000000 553.85451644 0.96487374
23.10000000 553.85451644 0.96487374
23.20000000 553.85451644 0.96487374
23.30000000 553.85451644 0.96487374
23.40000000 553.85451644 0.96487374
23.50000000 553.86743716 0.96489625
23.60000000 553.87242564 0.96490494
23.70000000 553.91888164 0.96498587
23.80000000 553.92648604 0.96499912
23.90000000 553.92648604 0.96499912
24.00000000 553.92648604 0.96499912
24.10000000 553.92648604 0.96499912
24.20000000 553.92648604 0.96499912
24.30000000 553.92648604 0.96499912
24.40000000 553.92903692 0.96500356
24.50000000 553.92903692 0.96500356
24.60000000 553.93948012 0.96502175
24.70000000 553.94652748 0.96503403
24.80000000 553.94652748 0.96503403
24.90000000 553.94652748 0.96503403
25.00000000 553.94652748 0.96503403
25.10000000 553.94652748 0.96503403
25.20000000 554.00275308 0.96513198
25.30000000 554.01185076 0.96514783
25.40000000 554.01185076 0.96514783
25.50000000 554.13924668 0.96536977
25.60000000 554.13924668 0.96536977
25.70000000 554.15164620 0.96539137
25.80000000 554.16078980 0.96540730
25.90000000 554.34461164 0.96572754
26.00000000 554.34461164 0.96572754
26.10000000 554.34461164 0.96572754
26.20000000 554.34461164 0.96572754
26.30000000 554.34461164 0.96572754
26.40000000 554.34461164 0.96572754
26.50000000 554.34665804 0.96573110
26.60000000 554.34665804 0.96573110
26.70000000 554.34665804 0.96573110
26.80000000 554.34665804 0.96573110
26.90000000 554.66561556 0.96628676
27.00000000 554.66561556 0.96628676
27.10000000 554.66775460 0.96629049
27.20000000 554.66775460 0.96629049
27.30000000 554.66865884 0.96629206
27.40000000 554.66865884 0.96629206
27.50000000 554.66865884 0.96629206
27.60000000 554.67284340 0.96629935
27.70000000 554.67526580 0.96630357
27.80000000 554.67526580 0.96630357
27.90000000 554.67526580 0.96630357
28.00000000 554.67526580 0.96630357
28.10000000 554.67526580 0.96630357
28.20000000 554.67526580 0.96630357
28.30000000 554.67613156 0.96630508
28.40000000 554.67613156 0.96630508
28.50000000 554.67613156 0.96630508
28.60000000 555.35328836 0.96748476
28.70000000 555.35328836 0.96748476
28.80000000 555.35328836 0.96748476
28.90000000 555.35548116 0.96748858
29.00000000 555.35548116 0.96748858
29.10000000 555.35548116 0.96748858
29.20000000 555.35548116 0.96748858
29.30000000 555.35548116 0.96748858
29.40000000 555.41522108 0.96759265
29.50000000 555.41522108 0.96759265
29.60000000 555.41522108 0.96759265
29.70000000 555.41522108 0.96759265
29.80000000 555.41522108 0.96759265
29.90000000 555.44807500 0.96764989
30.00000000 555.45020800 0.96765360
30.10000000 555.45020800 0.96765360
30.20000000 555.45287504 0.96765825
30.30000000 555.45287504 0.96765825
30.40000000 555.45287504 0.96765825
30.50000000 555.45287504 0.96765825
30.60000000 555.45287504 0.96765825
30.70000000 555.45287504 0.96765825
30.80000000 555.46061728 0.96767174
30.90000000 555.46061728 0.96767174
31.00000000 555.46061728 0.96767174
31.10000000 555.46061728 0.96767174
31.20000000 555.46061728 0.96767174
31.30000000 555.46061728 0.96767174
31.40000000 555.46061728 0.96767174
31.50000000 555.46061728 0.96767174
31.60000000 555.46061728 0.96767174
31.70000000 555.46061728 0.96767174
31.80000000 555.46061728 0.96767174
31.90000000 555.46061728 0.96767174
32.00000000 555.46061728 0.96767174
32.10000000 555.46061728 0.96767174
32.20000000 555.46061728 0.96767174
32.30000000 555.46061728 0.96767174
32.40000000 555.47784872 0.96770176
32.50000000 555.47784872 0.96770176
32.60000000 555.47784872 0.96770176
32.70000000 555.47784872 0.96770176
32.80000000 555.47784872 0.96770176
32.90000000 555.47784872 0.96770176
33.00000000 555.47784872 0.96770176
33.10000000 555.47784872 0.96770176
33.20000000 555.47784872 0.96770176
33.30000000 555.47784872 0.96770176
33.40000000 555.47784872 0.96770176
33.50000000 555.47784872 0.96770176
33.60000000 555.47784872 0.96770176
33.70000000 555.47784872 0.96770176
33.80000000 555.47784872 0.96770176
33.90000000 555.47784872 0.96770176
34.00000000 555.53577256 0.96780267
34.10000000 555.53577256 0.96780267
34.20000000 555.56130944 0.96784715
34.30000000 555.56130944 0.96784715
34.40000000 555.56599784 0.96785532
34.50000000 555.56599784 0.96785532
34.60000000 555.63915016 0.96798276
34.70000000 555.63915016 0.96798276
34.80000000 555.63915016 0.96798276
34.90000000 555.64120352 0.96798634
35.00000000 555.64120352 0.96798634
35.10000000 555.64120352 0.96798634
35.20000000 555.64198800 0.96798771
35.30000000 555.64198800 0.96798771
35.40000000 555.64738624 0.96799711
35.50000000 555.64738624 0.96799711
35.60000000 555.64738624 0.96799711
35.70000000 555.64738624 0.96799711
35.80000000 555.64738624 0.96799711
35.90000000 555.64738624 0.96799711
36.00000000 555.64738624 0.96799711
36.10000000 555.64738624 0.96799711
36.20000000 555.64738624 0.96799711
36.30000000 555.64738624 0.96799711
36.40000000 555.64738624 0.96799711
36.50000000 555.64738624 0.96799711
36.60000000 555.64738624 0.96799711
36.70000000 555.64871328 0.96799942
36.80000000 555.64871328 0.96799942
36.90000000 555.64871328 0.96799942
37.00000000 555.64871328 0.96799942
37.10000000 555.64871328 0.96799942
37.20000000 555.64871328 0.96799942
37.30000000 555.64871328 0.96799942
37.40000000 555.64871328 0.96799942
37.50000000 555.64871328 0.96799942
37.60000000 555.64871328 0.96799942
37.70000000 555.65514848 0.96801063
37.80000000 555.65514848 0.96801063
37.90000000 555.65514848 0.96801063
38.00000000 555.65514848 0.96801063
38.10000000 555.65514848 0.96801063
38.20000000 555.65514848 0.96801063
38.30000000 555.65514848 0.96801063
38.40000000 555.65514848 0.96801063
38.50000000 555.65514848 0.96801063
38.60000000 555.65514848 0.96801063
38.70000000 555.65514848 0.96801063
38.80000000 555.65514848 0.96801063
38.90000000 555.65514848 0.96801063
39.00000000 555.65608952 0.96801227
39.10000000 555.68810304 0.96806804
39.20000000 555.68810304 0.96806804
39.30000000 555.68810304 0.96806804
39.40000000 555.68935664 0.96807023
39.50000000 555.68935664 0.96807023
39.60000000 555.68935664 0.96807023
39.70000000 555.69274136 0.96807612
39.80000000 555.69274136 0.96807612
39.90000000 555.69274136 0.96807612
40.00000000 555.69858008 0.96808629
40.10000000 555.69858008 0.96808629
40.20000000 555.69858008 0.96808629
40.30000000 555.69858008 0.96808629
40.40000000 555.69858008 0.96808629
40.50000000 555.69858008 0.96808629
40.60000000 555.69858008 0.96808629
40.70000000 555.69858008 0.96808629
40.80000000 555.69858008 0.96808629
40.90000000 555.69858008 0.96808629
41.00000000 555.69858008 0.96808629
41.10000000 555.69858008 0.96808629
41.20000000 555.69858008 0.96808629
41.30000000 555.69858008 0.96808629
41.40000000 555.69858008 0.96808629
41.50000000 555.69858008 0.96808629
41.60000000 555.69858008 0.96808629
41.70000000 555.69858008 0.96808629
41.80000000 555.69858008 0.96808629
41.90000000 555.69858008 0.96808629
42.00000000 555.79621696 0.96825639
42.10000000 555.81380272 0.96828703
42.20000000 555.81380272 0.96828703
42.30000000 555.81380272 0.96828703
42.40000000 555.81380272 0.96828703
42.50000000 555.81380272 0.96828703
42.60000000 555.81380272 0.96828703
42.70000000 555.81380272 0.96828703
42.80000000 555.81380272 0.96828703
42.90000000 555.81380272 0.96828703
43.00000000 555.81486496 0.96828888
43.10000000 555.81486496 0.96828888
43.20000000 555.81677032 0.96829219
43.30000000 555.81677032 0.96829219
43.40000000 555.81677032 0.96829219
43.50000000 555.81677032 0.96829219
43.60000000 555.81677032 0.96829219
43.70000000 555.81677032 0.96829219
43.80000000 555.81677032 0.96829219
43.90000000 555.81677032 0.96829219
44.00000000 555.81677032 0.96829219
44.10000000 555.81767592 0.96829377
44.20000000 555.81767592 0.96829377
44.30000000 555.81767592 0.96829377
44.40000000 555.81767592 0.96829377
44.50000000 555.81767592 0.96829377
44.60000000 555.81767592 0.96829377
44.70000000 555.81767592 0.96829377
44.80000000 555.82127664 0.96830005
44.90000000 555.82127664 0.96830005
45.00000000 555.82127664 0.96830005
45.10000000 555.82127664 0.96830005
45.20000000 555.82127664 0.96830005
45.30000000 555.82127664 0.96830005
45.40000000 555.82127664 0.96830005
45.50000000 555.82127664 0.96830005
45.60000000 555.82127664 0.96830005
45.70000000 555.82127664 0.96830005
45.80000000 555.82127664 0.96830005
45.90000000 555.82127664 0.96830005
46.00000000 555.84687216 0.96834464
46.10000000 555.84687216 0.96834464
46.20000000 555.84687216 0.96834464
46.30000000 555.84687216 0.96834464
46.40000000 555.84687216 0.96834464
46.50000000 555.84687216 0.96834464
46.60000000 555.84687216 0.96834464
46.70000000 555.84687216 0.96834464
46.80000000 555.84687216 0.96834464
46.90000000 555.84687216 0.96834464
47.00000000 555.84687216 0.96834464
47.10000000 555.84687216 0.96834464
47.20000000 555.84901688 0.96834837
47.30000000 555.84901688 0.96834837
47.40000000 555.84901688 0.96834837
47.50000000 555.84901688 0.96834837
47.60000000 555.84901688 0.96834837
47.70000000 555.84901688 0.96834837
47.80000000 555.84901688 0.96834837
47.90000000 555.84901688 0.96834837
48.00000000 555.85010776 0.96835027
48.10000000 555.85010776 0.96835027
48.20000000 555.85010776 0.96835027
48.30000000 555.85010776 0.96835027
48.40000000 555.85010776 0.96835027
48.50000000 555.86171208 0.96837049
48.60000000 555.86392208 0.96837434
48.70000000 555.86392208 0.96837434
48.80000000 555.86392208 0.96837434
48.90000000 555.86392208 0.96837434
49.00000000 555.86392208 0.96837434
49.10000000 555.86392208 0.96837434
49.20000000 555.86392208 0.96837434
49.30000000 555.86392208 0.96837434
49.40000000 555.86392208 0.96837434
49.50000000 555.86392208 0.96837434
49.60000000 555.86392208 0.96837434
49.70000000 555.86392208 0.96837434
49.80000000 555.88087360 0.96840387
49.90000000 555.88087360 0.96840387
50.00000000 555.88087360 0.96840387
50.10000000 555.88087360 0.96840387
50.20000000 555.88087360 0.96840387
50.30000000 555.88087360 0.96840387
50.40000000 555.88087360 0.96840387
50.50000000 555.95448032 0.96853210
50.60000000 555.95448032 0.96853210
50.70000000 555.95448032 0.96853210
50.80000000 555.95448032 0.96853210
50.90000000 555.95448032 0.96853210
51.00000000 555.95448032 0.96853210
51.10000000 555.95448032 0.96853210
51.20000000 555.95448032 0.96853210
51.30000000 555.95448032 0.96853210
51.40000000 555.95448032 0.96853210
51.50000000 555.95448032 0.96853210
51.60000000 555.96402408 0.96854873
51.70000000 555.96402408 0.96854873
51.80000000 555.96402408 0.96854873
51.90000000 555.96402408 0.96854873
52.00000000 555.96402408 0.96854873
52.10000000 555.96402408 0.96854873
52.20000000 555.96527184 0.96855090
52.30000000 555.96527184 0.96855090
52.40000000 555.96527184 0.96855090
52.50000000 555.96527184 0.96855090
52.60000000 555.96527184 0.96855090
52.70000000 555.96527184 0.96855090
52.80000000 555.96527184 0.96855090
52.90000000 555.96527184 0.96855090
53.00000000 555.96527184 0.96855090
53.10000000 555.96527184 0.96855090
53.20000000 555.96527184 0.96855090
53.30000000 555.96527184 0.96855090
53.40000000 555.96527184 0.96855090
53.50000000 555.96527184 0.96855090
53.60000000 555.96527184 0.96855090
53.70000000 555.96527184 0.96855090
53.80000000 555.96527184 0.96855090
53.90000000 555.96527184 0.96855090
54.00000000 555.96527184 0.96855090
54.10000000 555.96527184 0.96855090
54.20000000 555.96527184 0.96855090
54.30000000 555.96527184 0.96855090
54.40000000 555.96527184 0.96855090
54.50000000 555.96527184 0.96855090
54.60000000 555.96527184 0.96855090
54.70000000 555.96527184 0.96855090
54.80000000 555.96527184 0.96855090
54.90000000 555.96527184 0.96855090
55.00000000 555.96527184 0.96855090
55.10000000 555.96527184 0.96855090
55.20000000 555.96527184 0.96855090
55.30000000 555.96527184 0.96855090
55.40000000 555.96527184 0.96855090
55.50000000 555.96527184 0.96855090
55.60000000 555.96527184 0.96855090
55.70000000 555.96527184 0.96855090
55.80000000 555.96527184 0.96855090
55.90000000 555.96527184 0.96855090
56.00000000 555.96527184 0.96855090
56.10000000 555.96527184 0.96855090
56.20000000 555.96527184 0.96855090
56.30000000 555.96527184 0.96855090
56.40000000 555.96527184 0.96855090
56.50000000 555.97313524 0.96856460
56.60000000 555.97313524 0.96856460
56.70000000 555.97380268 0.96856576
56.80000000 555.97380268 0.96856576
56.90000000 555.97380268 0.96856576
57.00000000 555.97380268 0.96856576
57.10000000 555.97380268 0.96856576
57.20000000 555.97380268 0.96856576
57.30000000 555.97380268 0.96856576
57.40000000 555.97380268 0.96856576
57.50000000 555.97549924 0.96856872
57.60000000 555.97549924 0.96856872
57.70000000 555.97549924 0.96856872
57.80000000 555.97549924 0.96856872
57.90000000 555.97549924 0.96856872
58.00000000 555.97549924 0.96856872
58.10000000 555.97549924 0.96856872
58.20000000 555.97549924 0.96856872
58.30000000 555.97549924 0.96856872
58.40000000 555.97549924 0.96856872
58.50000000 555.97549924 0.96856872
58.60000000 555.97549924 0.96856872
58.70000000 555.97549924 0.96856872
58.80000000 555.97549924 0.96856872
58.90000000 555.97549924 0.96856872
59.00000000 555.97549924 0.96856872
59.10000000 555.97549924 0.96856872
59.20000000 555.97549924 0.96856872
59.30000000 555.97549924 0.96856872
59.40000000 555.97549924 0.96856872
59.50000000 555.97549924 0.96856872
59.60000000 555.97549924 0.96856872
59.70000000 555.97549924 0.96856872
59.80000000 555.97549924 0.96856872
59.90000000 555.98381860 0.96858321
60.00000000 555.98381860 0.96858321
60.10000000 555.98381860 0.96858321
60.20000000 555.98381860 0.96858321
60.30000000 555.98381860 0.96858321
60.40000000 555.98381860 0.96858321
60.50000000 556.07393956 0.96874021
60.60000000 556.07393956 0.96874021
60.70000000 556.11302940 0.96880831
60.80000000 556.11302940 0.96880831
60.90000000 556.11384092 0.96880972
61.00000000 556.11384092 0.96880972
61.10000000 556.11384092 0.96880972
61.20000000 556.11384092 0.96880972
61.30000000 556.11384092 0.96880972
61.40000000 556.11384092 0.96880972
61.50000000 556.11384092 0.96880972
61.60000000 556.11384092 0.96880972
61.70000000 556.11384092 0.96880972
61.80000000 556.11384092 0.96880972
61.90000000 556.11384092 0.96880972
62.00000000 556.11384092 0.96880972
62.10000000 556.11384092 0.96880972
62.20000000 556.11384092 0.96880972
62.30000000 556.11384092 0.96880972
62.40000000 556.11384092 0.96880972
62.50000000 556.11384092 0.96880972
62.60000000 556.11384092 0.96880972
62.70000000 556.11384092 0.96880972
62.80000000 556.11384092 0.96880972
62.90000000 556.11384092 0.96880972
63.00000000 556.11384092 0.96880972
63.10000000 556.11384092 0.96880972
63.20000000 556.11384092 0.96880972
63.30000000 556.11550876 0.96881263
63.40000000 556.11550876 0.96881263
63.50000000 556.11550876 0.96881263
63.60000000 556.11550876 0.96881263
63.70000000 556.11550876 0.96881263
63.80000000 556.11550876 0.96881263
63.90000000 556.11550876 0.96881263
64.00000000 556.11550876 0.96881263
64.10000000 556.11550876 0.96881263
64.20000000 556.11550876 0.96881263
64.30000000 556.11550876 0.96881263
64.40000000 556.11550876 0.96881263
64.50000000 556.11550876 0.96881263
64.60000000 556.11550876 0.96881263
64.70000000 556.11550876 0.96881263
64.80000000 556.11550876 0.96881263
64.90000000 556.11550876 0.96881263
65.00000000 556.11550876 0.96881263
65.10000000 556.11550876 0.96881263
65.20000000 556.12000028 0.96882045
65.30000000 556.12000028 0.96882045
65.40000000 556.12000028 0.96882045
65.50000000 556.12000028 0.96882045
65.60000000 556.12000028 0.96882045
65.70000000 556.12196396 0.96882387
65.80000000 556.12196396 0.96882387
65.90000000 556.12196396 0.96882387
66.00000000 556.12196396 0.96882387
66.10000000 556.12196396 0.96882387
66.20000000 556.12196396 0.96882387
66.30000000 556.16001340 0.96889016
66.40000000 556.16001340 0.96889016
66.50000000 556.16001340 0.96889016
66.60000000 556.16001340 0.96889016
66.70000000 556.16001340 0.96889016
66.80000000 556.16001340 0.96889016
66.90000000 556.16001340 0.96889016
67.00000000 556.16001340 0.96889016
67.10000000 556.16001340 0.96889016
67.20000000 556.16411216 0.96889730
67.30000000 556.16411216 0.96889730
67.40000000 556.16411216 0.96889730
67.50000000 556.16411216 0.96889730
67.60000000 556.16411216 0.96889730
67.70000000 556.16411216 0.96889730
67.80000000 556.16411216 0.96889730
67.90000000 556.16411216 0.96889730
68.00000000 556.16411216 0.96889730
68.10000000 556.16411216 0.96889730
68.20000000 556.16411216 0.96889730
68.30000000 556.16411216 0.96889730
68.40000000 556.16411216 0.96889730
68.50000000 556.16483948 0.96889857
68.60000000 556.16483948 0.96889857
68.70000000 556.16483948 0.96889857
68.80000000 556.16483948 0.96889857
68.90000000 556.16483948 0.96889857
69.00000000 556.16483948 0.96889857
69.10000000 556.16483948 0.96889857
69.20000000 556.16483948 0.96889857
69.30000000 556.16483948 0.96889857
69.40000000 556.16483948 0.96889857
69.50000000 556.16483948 0.96889857
69.60000000 556.16483948 0.96889857
69.70000000 556.16483948 0.96889857
69.80000000 556.16483948 0.96889857
69.90000000 556.16483948 0.96889857
70.00000000 556.16483948 0.96889857
70.10000000 556.17149932 0.96891017
70.20000000 556.17149932 0.96891017
70.30000000 556.17149932 0.96891017
70.40000000 556.17149932 0.96891017
70.50000000 556.17149932 0.96891017
70.60000000 556.17652024 0.96891892
70.70000000 556.17652024 0.96891892
70.80000000 556.17652024 0.96891892
70.90000000 556.17652024 0.96891892
71.00000000 556.17652024 0.96891892
71.10000000 556.17652024 0.96891892
71.20000000 556.17652024 0.96891892
71.30000000 556.17652024 0.96891892
71.40000000 556.17652024 0.96891892
71.50000000 556.18154488 0.96892767
71.60000000 556.18154488 0.96892767
71.70000000 556.18154488 0.96892767
71.80000000 556.18154488 0.96892767
71.90000000 556.18154488 0.96892767
72.00000000 556.18154488 0.96892767
72.10000000 556.18154488 0.96892767
72.20000000 556.18154488 0.96892767
72.30000000 556.18154488 0.96892767
72.40000000 556.18154488 0.96892767
72.50000000 556.18154488 0.96892767
72.60000000 556.18154488 0.96892767
72.70000000 556.18154488 0.96892767
72.80000000 556.18154488 0.96892767
72.90000000 556.18154488 0.96892767
73.00000000 556.18154488 0.96892767
73.10000000 556.18154488 0.96892767
73.20000000 556.18154488 0.96892767
73.30000000 556.18154488 0.96892767
73.40000000 556.18154488 0.96892767
73.50000000 556.18154488 0.96892767
73.60000000 556.18154488 0.96892767
73.70000000 556.18154488 0.96892767
73.80000000 556.18154488 0.96892767
73.90000000 556.18154488 0.96892767
74.00000000 556.18154488 0.96892767
74.10000000 556.18154488 0.96892767
74.20000000 556.18263840 0.96892958
74.30000000 556.18263840 0.96892958
74.40000000 556.18263840 0.96892958
74.50000000 556.18263840 0.96892958
74.60000000 556.18263840 0.96892958
74.70000000 556.18263840 0.96892958
74.80000000 556.18263840 0.96892958
74.90000000 556.18263840 0.96892958
75.00000000 556.18263840 0.96892958
75.10000000 556.18263840 0.96892958
75.20000000 556.18263840 0.96892958
75.30000000 556.18263840 0.96892958
75.40000000 556.18263840 0.96892958
75.50000000 556.18263840 0.96892958
75.60000000 556.18263840 0.96892958
75.70000000 556.18263840 0.96892958
75.80000000 556.18263840 0.96892958
75.90000000 556.18263840 0.96892958
76.00000000 556.18263840 0.96892958
76.10000000 556.18263840 0.96892958
76.20000000 556.22199176 0.96899813
76.30000000 556.22199176 0.96899813
76.40000000 556.22199176 0.96899813
76.50000000 556.22199176 0.96899813
76.60000000 556.22199176 0.96899813
76.70000000 556.22199176 0.96899813
76.80000000 556.22199176 0.96899813
76.90000000 556.22199176 0.96899813
77.00000000 556.22541088 0.96900409
77.10000000 556.22541088 0.96900409
77.20000000 556.22541088 0.96900409
77.30000000 556.22541088 0.96900409
77.40000000 556.22541088 0.96900409
77.50000000 556.22541088 0.96900409
77.60000000 556.22541088 0.96900409
77.70000000 564.22029736 0.98293204
77.80000000 564.22029736 0.98293204
77.90000000 564.22029736 0.98293204
78.00000000 564.22029736 0.98293204
78.10000000 564.22029736 0.98293204
78.20000000 564.22029736 0.98293204
78.30000000 564.22029736 0.98293204
78.40000000 564.22029736 0.98293204
78.50000000 564.22029736 0.98293204
78.60000000 564.22029736 0.98293204
78.70000000 564.22029736 0.98293204
78.80000000 564.22029736 0.98293204
78.90000000 564.22029736 0.98293204
79.00000000 564.22029736 0.98293204
79.10000000 564.22029736 0.98293204
79.20000000 564.22029736 0.98293204
79.30000000 564.22029736 0.98293204
79.40000000 564.22029736 0.98293204
79.50000000 564.22029736 0.98293204
79.60000000 564.22029736 0.98293204
79.70000000 564.22029736 0.98293204
79.80000000 564.22029736 0.98293204
79.90000000 564.22029736 0.98293204
80.00000000 564.22029736 0.98293204
80.10000000 564.25884568 0.98299919
80.20000000 564.25884568 0.98299919
80.30000000 564.25884568 0.98299919
80.40000000 564.25884568 0.98299919
80.50000000 564.25884568 0.98299919
80.60000000 564.25884568 0.98299919
80.70000000 564.25884568 0.98299919
80.80000000 564.25884568 0.98299919
80.90000000 564.25884568 0.98299919
81.00000000 564.25884568 0.98299919
81.10000000 564.25884568 0.98299919
81.20000000 564.25884568 0.98299919
81.30000000 564.25884568 0.98299919
81.40000000 566.13759320 0.98627217
81.50000000 566.13759320 0.98627217
81.60000000 566.13759320 0.98627217
81.70000000 566.13759320 0.98627217
81.80000000 566.13759320 0.98627217
81.90000000 566.14183472 0.98627956
82.00000000 566.14183472 0.98627956
82.10000000 566.14183472 0.98627956
82.20000000 566.14183472 0.98627956
82.30000000 566.14183472 0.98627956
82.40000000 566.14183472 0.98627956
82.50000000 566.14183472 0.98627956
82.60000000 566.14183472 0.98627956
82.70000000 566.14183472 0.98627956
82.80000000 566.14183472 0.98627956
82.90000000 566.14183472 0.98627956
83.00000000 566.14183472 0.98627956
83.10000000 566.14699424 0.98628855
83.20000000 566.14699424 0.98628855
83.30000000 566.14699424 0.98628855
83.40000000 566.14699424 0.98628855
83.50000000 566.14699424 0.98628855
83.60000000 566.14699424 0.98628855
83.70000000 574.01157648 0.99998949
83.80000000 574.01157648 0.99998949
83.90000000 574.01157648 0.99998949
84.00000000 574.01253528 0.99999116
84.10000000 574.01253528 0.99999116
84.20000000 574.01253528 0.99999116
84.30000000 574.01253528 0.99999116
84.40000000 574.01253528 0.99999116
84.50000000 574.01253528 0.99999116
84.60000000 574.01253528 0.99999116
84.70000000 574.01253528 0.99999116
84.80000000 574.01253528 0.99999116
84.90000000 574.01253528 0.99999116
85.00000000 574.01253528 0.99999116
85.10000000 574.01253528 0.99999116
85.20000000 574.01253528 0.99999116
85.30000000 574.01253528 0.99999116
85.40000000 574.01253528 0.99999116
85.50000000 574.01253528 0.99999116
85.60000000 574.01253528 0.99999116
85.70000000 574.01253528 0.99999116
85.80000000 574.01398300 0.99999368
85.90000000 574.01398300 0.99999368
86.00000000 574.01398300 0.99999368
86.10000000 574.01398300 0.99999368
86.20000000 574.01398300 0.99999368
86.30000000 574.01398300 0.99999368
86.40000000 574.01398300 0.99999368
86.50000000 574.01398300 0.99999368
86.60000000 574.01398300 0.99999368
86.70000000 574.01398300 0.99999368
86.80000000 574.01398300 0.99999368
86.90000000 574.01398300 0.99999368
87.00000000 574.01398300 0.99999368
87.10000000 574.01398300 0.99999368
87.20000000 574.01398300 0.99999368
87.30000000 574.01398300 0.99999368
87.40000000 574.01398300 0.99999368
87.50000000 574.01398300 0.99999368
87.60000000 574.01398300 0.99999368
87.70000000 574.01398300 0.99999368
87.80000000 574.01398300 0.99999368
87.90000000 574.01760876 1.00000000
88.00000000 574.01760876 1.00000000
88.10000000 574.01760876 1.00000000
88.20000000 574.01760876 1.00000000
88.30000000 574.01760876 1.00000000
88.40000000 574.01760876 1.00000000
88.50000000 574.01760876 1.00000000
88.60000000 574.01760876 1.00000000
88.70000000 574.01760876 1.00000000
88.80000000 574.01760876 1.00000000
88.90000000 574.01760876 1.00000000
89.00000000 574.01760876 1.00000000
89.10000000 574.01760876 1.00000000
89.20000000 574.01760876 1.00000000
89.30000000 574.01760876 1.00000000
89.40000000 574.01760876 1.00000000
89.50000000 574.01760876 1.00000000
89.60000000 574.01760876 1.00000000
89.70000000 574.01760876 1.00000000
89.80000000 574.01760876 1.00000000
89.90000000 574.01760876 1.00000000
90.00000000 574.01760876 1.00000000
