# Theta (deg), Enclosed Intensity, Normalized Enclosed Intensity
0.00000000 0.00000000 0.00000000
0.10000000 3.85680856 0.00603684
0.20000000 3.85680856 0.00603684
0.30000000 3.85680856 0.00603684
0.40000000 11.57014240 0.01811008
0.50000000 11.57014240 0.01811008
0.60000000 33.71361744 0.05276999
0.70000000 37.52940172 0.05874261
0.80000000 49.07501120 0.07681429
0.90000000 49.07501120 0.07681429
1.00000000 49.07501120 0.07681429
1.10000000 64.29466544 0.10063674
1.20000000 92.54984832 0.14486295
1.30000000 92.54984832 0.14486295
1.40000000 104.72102660 0.16391380
1.50000000 112.42908308 0.17597877
1.60000000 127.85333540 0.20012147
1.70000000 135.43491892 0.21198848
1.80000000 143.14140532 0.22405100
1.90000000 143.14140532 0.22405100
2.00000000 143.14140532 0.22405100
2.10000000 143.14140532 0.22405100
2.20000000 143.14140532 0.22405100
2.30000000 143.14140532 0.22405100
2.40000000 143.14140532 0.22405100
2.50000000 143.14140532 0.22405100
2.60000000 143.14140532 0.22405100
2.70000000 143.14140532 0.22405100
2.80000000 157.36298644 0.24631123
2.90000000 157.36298644 0.24631123
3.00000000 157.36298644 0.24631123
3.10000000 164.85574100 0.25803920
3.20000000 164.85574100 0.25803920
3.30000000 164.85574100 0.25803920
3.40000000 172.04405756 0.26929066
3.50000000 172.04405756 0.26929066
3.60000000 183.55541216 0.28730872
3.70000000 183.55541216 0.28730872
3.80000000 183.55541216 0.28730872
3.90000000 183.55541216 0.28730872
4.00000000 190.97559128 0.29892310
4.10000000 190.97559128 0.29892310
4.20000000 190.97559128 0.29892310
4.30000000 190.97559128 0.29892310
4.40000000 198.28718392 0.31036752
4.50000000 198.28718392 0.31036752
4.60000000 198.28718392 0.31036752
4.70000000 198.28718392 0.31036752
4.80000000 209.32865608 0.32765010
4.90000000 209.32865608 0.32765010
5.00000000 209.32865608 0.32765010
5.10000000 209.32865608 0.32765010
5.20000000 209.32865608 0.32765010
5.30000000 209.32865608 0.32765010
5.40000000 216.92284376 0.33953684
5.50000000 216.92284376 0.33953684
5.60000000 216.92284376 0.33953684
5.70000000 216.92284376 0.33953684
5.80000000 224.39758072 0.35123662
5.90000000 224.39758072 0.35123662
6.00000000 224.39758072 0.35123662
6.10000000 231.90152224 0.36298211
6.20000000 231.90152224 0.36298211
6.30000000 239.43132520 0.37476807
6.40000000 246.57632560 0.38595173
6.50000000 261.68187472 0.40959558
6.60000000 261.68187472 0.40959558
6.70000000 261.68187472 0.40959558
6.80000000 261.68187472 0.40959558
6.90000000 269.27337728 0.42147812
7.00000000 269.27337728 0.42147812
7.10000000 269.27337728 0.42147812
7.20000000 269.27337728 0.42147812
7.30000000 279.00250832 0.43670657
7.40000000 279.00250832 0.43670657
7.50000000 279.00250832 0.43670657
7.60000000 279.00250832 0.43670657
7.70000000 279.00250832 0.43670657
7.80000000 279.00250832 0.43670657
7.90000000 279.00250832 0.43670657
8.00000000 279.00250832 0.43670657
8.10000000 285.86390240 0.44744632
8.20000000 285.86390240 0.44744632
8.30000000 285.86390240 0.44744632
8.40000000 285.86390240 0.44744632
8.50000000 285.86390240 0.44744632
8.60000000 285.86390240 0.44744632
8.70000000 285.86390240 0.44744632
8.80000000 285.86390240 0.44744632
8.90000000 285.86390240 0.44744632
9.00000000 285.86390240 0.44744632
9.10000000 285.86390240 0.44744632
9.20000000 285.86390240 0.44744632
9.30000000 285.86390240 0.44744632
9.40000000 285.86390240 0.44744632
9.50000000 285.86390240 0.44744632
9.60000000 285.86390240 0.44744632
9.70000000 285.86390240 0.44744632
9.80000000 291.95733620 0.45698402
9.90000000 291.95733620 0.45698402
10.00000000 291.95733620 0.45698402
10.10000000 291.95733620 0.45698402
10.20000000 291.95733620 0.45698402
10.30000000 295.54027340 0.46259218
10.40000000 301.86755036 0.47249591
10.50000000 301.86755036 0.47249591
10.60000000 301.86755036 0.47249591
10.70000000 301.86755036 0.47249591
10.80000000 301.86755036 0.47249591
10.90000000 301.86755036 0.47249591
11.00000000 301.86755036 0.47249591
11.10000000 301.86755036 0.47249591
11.20000000 301.86755036 0.47249591
11.30000000 301.86755036 0.47249591
11.40000000 301.86755036 0.47249591
11.50000000 301.86755036 0.47249591
11.60000000 301.86755036 0.47249591
11.70000000 301.86755036 0.47249591
11.80000000 301.86755036 0.47249591
11.90000000 308.18251724 0.48238036
12.00000000 308.18251724 0.48238036
12.10000000 308.18251724 0.48238036
12.20000000 308.18251724 0.48238036
12.30000000 308.18251724 0.48238036
12.40000000 308.18251724 0.48238036
12.50000000 308.18251724 0.48238036
12.60000000 308.18251724 0.48238036
12.70000000 308.18251724 0.48238036
12.80000000 308.18251724 0.48238036
12.90000000 308.18251724 0.48238036
13.00000000 308.18251724 0.48238036
13.10000000 308.18251724 0.48238036
13.20000000 311.06630972 0.48689419
13.30000000 311.06630972 0.48689419
13.40000000 311.06630972 0.48689419
13.50000000 311.06630972 0.48689419
13.60000000 311.06630972 0.48689419
13.70000000 311.06630972 0.48689419
13.80000000 311.06630972 0.48689419
13.90000000 311.06630972 0.48689419
14.00000000 313.63506436 0.49091492
14.10000000 313.63506436 0.49091492
14.20000000 313.63506436 0.49091492
14.30000000 318.77424732 0.49895899
14.40000000 318.77424732 0.49895899
14.50000000 318.77424732 0.49895899
14.60000000 318.77424732 0.49895899
14.70000000 318.77424732 0.49895899
14.80000000 318.77424732 0.49895899
14.90000000 318.77424732 0.49895899
15.00000000 318.77424732 0.49895899
15.10000000 318.77424732 0.49895899
15.20000000 324.26120444 0.50754740
15.30000000 324.26120444 0.50754740
15.40000000 324.26120444 0.50754740
15.50000000 324.26120444 0.50754740
15.60000000 324.26120444 0.50754740
15.70000000 324.26120444 0.50754740
15.80000000 324.26120444 0.50754740
15.90000000 324.26120444 0.50754740
16.00000000 324.26120444 0.50754740
16.10000000 324.26120444 0.50754740
16.20000000 324.26120444 0.50754740
16.30000000 324.26120444 0.50754740
16.40000000 324.26120444 0.50754740
16.50000000 324.26120444 0.50754740
16.60000000 330.28533364 0.51697663
16.70000000 330.28533364 0.51697663
16.80000000 330.28533364 0.51697663
16.90000000 330.28533364 0.51697663
17.00000000 330.28533364 0.51697663
17.10000000 330.28533364 0.51697663
17.20000000 342.75211732 0.53649017
17.30000000 342.75211732 0.53649017
17.40000000 342.75211732 0.53649017
17.50000000 342.75211732 0.53649017
17.60000000 349.16479108 0.54652755
17.70000000 349.16479108 0.54652755
17.80000000 349.16479108 0.54652755
17.90000000 349.16479108 0.54652755
18.00000000 349.16479108 0.54652755
18.10000000 355.73201756 0.55680686
18.20000000 357.28340828 0.55923516
18.30000000 357.28340828 0.55923516
18.40000000 357.28340828 0.55923516
18.50000000 358.39750460 0.56097899
18.60000000 358.39750460 0.56097899
18.70000000 358.39750460 0.56097899
18.80000000 358.39750460 0.56097899
18.90000000 358.39750460 0.56097899
19.00000000 365.31769028 0.57181076
19.10000000 365.31769028 0.57181076
19.20000000 365.31769028 0.57181076
19.30000000 372.32774820 0.58278320
19.40000000 372.32774820 0.58278320
19.50000000 372.32774820 0.58278320
19.60000000 372.32774820 0.58278320
19.70000000 372.32774820 0.58278320
19.80000000 372.32774820 0.58278320
19.90000000 372.32774820 0.58278320
20.00000000 372.32774820 0.58278320
20.10000000 372.32774820 0.58278320
20.20000000 372.32774820 0.58278320
20.30000000 372.32774820 0.58278320
20.40000000 372.32774820 0.58278320
20.50000000 372.32774820 0.58278320
20.60000000 372.32774820 0.58278320
20.70000000 372.32774820 0.58278320
20.80000000 372.32774820 0.58278320
20.90000000 372.32774820 0.58278320
21.00000000 372.32774820 0.58278320
21.10000000 372.32774820 0.58278320
21.20000000 372.32774820 0.58278320
21.30000000 372.32774820 0.58278320
21.40000000 372.32774820 0.58278320
21.50000000 372.32774820 0.58278320
21.60000000 375.61743204 0.58793235
21.70000000 375.61743204 0.58793235
21.80000000 375.61743204 0.58793235
21.90000000 375.61743204 0.58793235
22.00000000 375.61743204 0.58793235
22.10000000 375.61743204 0.58793235
22.20000000 375.61743204 0.58793235
22.30000000 375.61743204 0.58793235
22.40000000 375.61743204 0.58793235
22.50000000 375.61743204 0.58793235
22.60000000 375.61743204 0.58793235
22.70000000 375.61743204 0.58793235
22.80000000 375.61743204 0.58793235
22.90000000 375.61743204 0.58793235
23.00000000 375.61743204 0.58793235
23.10000000 375.61743204 0.58793235
23.20000000 375.61743204 0.58793235
23.30000000 375.61743204 0.58793235
23.40000000 375.61743204 0.58793235
23.50000000 375.61743204 0.58793235
23.60000000 375.61743204 0.58793235
23.70000000 375.61743204 0.58793235
23.80000000 375.61743204 0.58793235
23.90000000 375.61743204 0.58793235
24.00000000 375.61743204 0.58793235
24.10000000 375.61743204 0.58793235
24.20000000 375.61743204 0.58793235
24.30000000 375.61743204 0.58793235
24.40000000 375.61743204 0.58793235
24.50000000 375.61743204 0.58793235
24.60000000 375.61743204 0.58793235
24.70000000 375.61743204 0.58793235
24.80000000 375.61743204 0.58793235
24.90000000 375.61743204 0.58793235
25.00000000 375.61743204 0.58793235
25.10000000 375.61743204 0.58793235
25.20000000 375.61743204 0.58793235
25.30000000 375.61743204 0.58793235
25.40000000 375.61743204 0.58793235
25.50000000 375.61743204 0.58793235
25.60000000 375.61743204 0.58793235
25.70000000 375.61743204 0.58793235
25.80000000 375.61743204 0.58793235
25.90000000 375.61743204 0.58793235
26.00000000 375.61743204 0.58793235
26.10000000 375.61743204 0.58793235
26.20000000 375.61743204 0.58793235
26.30000000 375.61743204 0.58793235
26.40000000 375.61743204 0.58793235
26.50000000 375.61743204 0.58793235
26.60000000 375.61743204 0.58793235
26.70000000 375.61743204 0.58793235
26.80000000 375.61743204 0.58793235
26.90000000 375.61743204 0.58793235
27.00000000 375.61743204 0.58793235
27.10000000 375.61743204 0.58793235
27.20000000 375.61743204 0.58793235
27.30000000 375.61743204 0.58793235
27.40000000 375.61743204 0.58793235
27.50000000 375.61743204 0.58793235
27.60000000 375.61743204 0.58793235
27.70000000 375.61743204 0.58793235
27.80000000 375.61743204 0.58793235
27.90000000 375.61743204 0.58793235
28.00000000 375.61743204 0.58793235
28.10000000 375.61743204 0.58793235
28.20000000 375.61743204 0.58793235
28.30000000 375.61743204 0.58793235
28.40000000 375.61743204 0.58793235
28.50000000 375.61743204 0.58793235
28.60000000 375.61743204 0.58793235
28.70000000 375.61743204 0.58793235
28.80000000 375.61743204 0.58793235
28.90000000 375.61743204 0.58793235
29.00000000 375.61743204 0.58793235
29.10000000 375.61743204 0.58793235
29.20000000 375.61743204 0.58793235
29.30000000 375.61743204 0.58793235
29.40000000 375.61743204 0.58793235
29.50000000 375.61743204 0.58793235
29.60000000 375.61743204 0.58793235
29.70000000 375.61743204 0.58793235
29.80000000 375.61743204 0.58793235
29.90000000 375.61743204 0.58793235
30.00000000 375.61743204 0.58793235
30.10000000 375.61743204 0.58793235
30.20000000 375.61743204 0.58793235
30.30000000 375.61743204 0.58793235
30.40000000 375.61743204 0.58793235
30.50000000 375.61743204 0.58793235
30.60000000 375.61743204 0.58793235
30.70000000 375.65169952 0.58798599
30.80000000 375.65169952 0.58798599
30.90000000 375.65169952 0.58798599
31.00000000 375.65169952 0.58798599
31.10000000 375.65169952 0.58798599
31.20000000 375.65169952 0.58798599
31.30000000 375.65169952 0.58798599
31.40000000 376.64211368 0.58953623
31.50000000 376.64211368 0.58953623
31.60000000 376.64211368 0.58953623
31.70000000 376.64211368 0.58953623
31.80000000 376.64211368 0.58953623
31.90000000 376.64211368 0.58953623
32.00000000 376.64211368 0.58953623
32.10000000 376.64211368 0.58953623
32.20000000 376.64211368 0.58953623
32.30000000 376.64211368 0.58953623
32.40000000 376.64211368 0.58953623
32.50000000 376.64211368 0.58953623
32.60000000 376.64211368 0.58953623
32.70000000 376.64211368 0.58953623
32.80000000 376.64211368 0.58953623
32.90000000 376.64211368 0.58953623
33.00000000 376.64211368 0.58953623
33.10000000 376.64211368 0.58953623
33.20000000 376.64211368 0.58953623
33.30000000 376.64211368 0.58953623
33.40000000 376.64211368 0.58953623
33.50000000 376.64211368 0.58953623
33.60000000 376.64211368 0.58953623
33.70000000 376.64211368 0.58953623
33.80000000 376.64211368 0.58953623
33.90000000 376.64211368 0.58953623
34.00000000 376.64211368 0.58953623
34.10000000 376.64211368 0.58953623
34.20000000 376.64211368 0.58953623
34.30000000 376.64211368 0.58953623
34.40000000 376.64211368 0.58953623
34.50000000 376.64211368 0.58953623
34.60000000 376.64211368 0.58953623
34.70000000 376.64211368 0.58953623
34.80000000 376.64211368 0.58953623
34.90000000 376.64211368 0.58953623
35.00000000 376.64211368 0.58953623
35.10000000 376.64211368 0.58953623
35.20000000 376.64211368 0.58953623
35.30000000 376.64211368 0.58953623
35.40000000 376.64211368 0.58953623
35.50000000 376.64211368 0.58953623
35.60000000 376.64211368 0.58953623
35.70000000 376.64211368 0.58953623
35.80000000 376.64211368 0.58953623
35.90000000 376.64211368 0.58953623
36.00000000 376.64211368 0.58953623
36.10000000 376.64211368 0.58953623
36.20000000 376.64211368 0.58953623
36.30000000 376.64211368 0.58953623
36.40000000 376.64211368 0.58953623
36.50000000 376.64211368 0.58953623
36.60000000 376.64211368 0.58953623
36.70000000 376.64211368 0.58953623
36.80000000 376.64211368 0.58953623
36.90000000 376.64211368 0.58953623
37.00000000 376.64211368 0.58953623
37.10000000 376.64211368 0.58953623
37.20000000 376.64211368 0.58953623
37.30000000 376.64211368 0.58953623
37.40000000 376.64211368 0.58953623
37.50000000 376.64211368 0.58953623
37.60000000 376.64211368 0.58953623
37.70000000 376.64211368 0.58953623
37.80000000 376.64211368 0.58953623
37.90000000 376.64211368 0.58953623
38.00000000 376.64211368 0.58953623
38.10000000 376.64211368 0.58953623
38.20000000 376.64211368 0.58953623
38.30000000 376.64211368 0.58953623
38.40000000 376.64211368 0.58953623
38.50000000 376.64211368 0.58953623
38.60000000 376.64211368 0.58953623
38.70000000 376.65874632 0.58956226
38.80000000 376.65874632 0.58956226
38.90000000 376.96248624 0.59003769
39.00000000 376.96248624 0.59003769
39.10000000 376.96248624 0.59003769
39.20000000 376.96248624 0.59003769
39.30000000 376.96248624 0.59003769
39.40000000 376.96248624 0.59003769
39.50000000 376.96248624 0.59003769
39.60000000 376.96248624 0.59003769
39.70000000 376.96248624 0.59003769
39.80000000 376.96248624 0.59003769
39.90000000 376.96248624 0.59003769
40.00000000 376.96248624 0.59003769
40.10000000 376.96248624 0.59003769
40.20000000 376.96248624 0.59003769
40.30000000 376.96248624 0.59003769
40.40000000 376.96248624 0.59003769
40.50000000 376.96248624 0.59003769
40.60000000 376.96248624 0.59003769
40.70000000 376.96248624 0.59003769
40.80000000 376.96248624 0.59003769
40.90000000 376.96248624 0.59003769
41.00000000 376.96248624 0.59003769
41.10000000 376.96248624 0.59003769
41.20000000 376.96248624 0.59003769
41.30000000 376.96248624 0.59003769
41.40000000 376.96248624 0.59003769
41.50000000 376.96248624 0.59003769
41.60000000 376.96248624 0.59003769
41.70000000 376.96248624 0.59003769
41.80000000 376.96248624 0.59003769
41.90000000 376.96248624 0.59003769
42.00000000 376.96248624 0.59003769
42.10000000 376.96248624 0.59003769
42.20000000 376.96248624 0.59003769
42.30000000 376.96248624 0.59003769
42.40000000 376.96248624 0.59003769
42.50000000 376.96248624 0.59003769
42.60000000 376.96248624 0.59003769
42.70000000 376.96248624 0.59003769
42.80000000 376.96248624 0.59003769
42.90000000 376.96248624 0.59003769
43.00000000 376.96248624 0.59003769
43.10000000 376.96248624 0.59003769
43.20000000 376.96248624 0.59003769
43.30000000 376.96248624 0.59003769
43.40000000 376.96248624 0.59003769
43.50000000 376.96248624 0.59003769
43.60000000 376.96248624 0.59003769
43.70000000 376.96248624 0.59003769
43.80000000 376.96248624 0.59003769
43.90000000 376.96248624 0.59003769
44.00000000 376.96248624 0.59003769
44.10000000 376.96248624 0.59003769
44.20000000 376.96248624 0.59003769
44.30000000 377.16334776 0.59035208
44.40000000 377.16334776 0.59035208
44.50000000 377.16334776 0.59035208
44.60000000 377.16334776 0.59035208
44.70000000 377.16334776 0.59035208
44.80000000 377.16334776 0.59035208
44.90000000 377.16334776 0.59035208
45.00000000 377.16334776 0.59035208
45.10000000 377.16334776 0.59035208
45.20000000 377.16910224 0.59036109
45.30000000 377.16910224 0.59036109
45.40000000 377.16910224 0.59036109
45.50000000 377.16910224 0.59036109
45.60000000 377.16910224 0.59036109
45.70000000 377.16910224 0.59036109
45.80000000 377.16910224 0.59036109
45.90000000 377.16910224 0.59036109
46.00000000 377.16910224 0.59036109
46.10000000 377.16910224 0.59036109
46.20000000 377.16910224 0.59036109
46.30000000 377.16910224 0.59036109
46.40000000 377.16910224 0.59036109
46.50000000 377.16910224 0.59036109
46.60000000 377.16910224 0.59036109
46.70000000 377.16910224 0.59036109
46.80000000 377.16910224 0.59036109
46.90000000 377.16910224 0.59036109
47.00000000 377.16910224 0.59036109
47.10000000 377.16910224 0.59036109
47.20000000 377.16910224 0.59036109
47.30000000 377.16910224 0.59036109
47.40000000 377.16910224 0.59036109
47.50000000 377.16910224 0.59036109
47.60000000 377.16910224 0.59036109
47.70000000 377.16910224 0.59036109
47.80000000 377.16910224 0.59036109
47.90000000 377.16910224 0.59036109
48.00000000 377.16910224 0.59036109
48.10000000 377.16910224 0.59036109
48.20000000 377.16910224 0.59036109
48.30000000 377.16910224 0.59036109
48.40000000 377.16910224 0.59036109
48.50000000 377.16910224 0.59036109
48.60000000 377.16910224 0.59036109
48.70000000 377.30798400 0.59057847
48.80000000 377.30798400 0.59057847
48.90000000 377.30798400 0.59057847
49.00000000 377.30798400 0.59057847
49.10000000 377.30798400 0.59057847
49.20000000 377.30798400 0.59057847
49.30000000 377.30798400 0.59057847
49.40000000 377.30798400 0.59057847
49.50000000 377.30798400 0.59057847
49.60000000 377.30798400 0.59057847
49.70000000 377.30798400 0.59057847
49.80000000 377.30798400 0.59057847
49.90000000 377.30798400 0.59057847
50.00000000 377.30798400 0.59057847
50.10000000 377.30798400 0.59057847
50.20000000 377.30798400 0.59057847
50.30000000 377.30798400 0.59057847
50.40000000 377.30798400 0.59057847
50.50000000 377.30798400 0.59057847
50.60000000 377.30798400 0.59057847
50.70000000 377.30798400 0.59057847
50.80000000 377.31040896 0.59058227
50.90000000 377.31040896 0.59058227
51.00000000 377.31040896 0.59058227
51.10000000 377.31040896 0.59058227
51.20000000 377.31040896 0.59058227
51.30000000 377.31040896 0.59058227
51.40000000 377.31040896 0.59058227
51.50000000 377.31040896 0.59058227
51.60000000 377.31040896 0.59058227
51.70000000 377.31040896 0.59058227
51.80000000 377.31040896 0.59058227
51.90000000 377.31040896 0.59058227
52.00000000 377.31040896 0.59058227
52.10000000 377.31040896 0.59058227
52.20000000 377.31040896 0.59058227
52.30000000 377.31040896 0.59058227
52.40000000 377.31040896 0.59058227
52.50000000 377.31040896 0.59058227
52.60000000 377.31040896 0.59058227
52.70000000 377.31040896 0.59058227
52.80000000 377.31040896 0.59058227
52.90000000 377.31040896 0.59058227
53.00000000 377.31040896 0.59058227
53.10000000 377.31040896 0.59058227
53.20000000 377.31040896 0.59058227
53.30000000 377.31040896 0.59058227
53.40000000 377.31040896 0.59058227
53.50000000 377.31040896 0.59058227
53.60000000 385.31037336 0.60310415
53.70000000 385.31037336 0.60310415
53.80000000 385.31037336 0.60310415
53.90000000 385.31037336 0.60310415
54.00000000 385.31037336 0.60310415
54.10000000 393.31033568 0.61562603
54.20000000 393.31033568 0.61562603
54.30000000 393.31033568 0.61562603
54.40000000 393.31033568 0.61562603
54.50000000 393.31033568 0.61562603
54.60000000 393.31033568 0.61562603
54.70000000 393.31033568 0.61562603
54.80000000 393.31033568 0.61562603
54.90000000 393.31033568 0.61562603
55.00000000 393.31033568 0.61562603
55.10000000 417.31020824 0.65319165
55.20000000 417.31020824 0.65319165
55.30000000 417.31020824 0.65319165
55.40000000 417.31020824 0.65319165
55.50000000 417.31020824 0.65319165
55.60000000 417.50542600 0.65349722
55.70000000 417.50542600 0.65349722
55.80000000 417.50542600 0.65349722
55.90000000 417.54983040 0.65356672
56.00000000 417.66842720 0.65375235
56.10000000 425.66837896 0.66627422
56.20000000 425.66837896 0.66627422
56.30000000 425.66837896 0.66627422
56.40000000 425.66837896 0.66627422
56.50000000 425.66837896 0.66627422
56.60000000 433.66832736 0.67879608
56.70000000 433.69656136 0.67884027
56.80000000 433.69656136 0.67884027
56.90000000 433.69656136 0.67884027
57.00000000 433.69656136 0.67884027
57.10000000 433.69656136 0.67884027
57.20000000 433.69656136 0.67884027
57.30000000 433.74215336 0.67891163
57.40000000 433.74215336 0.67891163
57.50000000 433.74215336 0.67891163
57.60000000 433.74215336 0.67891163
57.70000000 433.74215336 0.67891163
57.80000000 433.74215336 0.67891163
57.90000000 433.74215336 0.67891163
58.00000000 433.76070752 0.67894067
58.10000000 433.76070752 0.67894067
58.20000000 441.76064392 0.69146251
58.30000000 441.76064392 0.69146251
58.40000000 441.76064392 0.69146251
58.50000000 441.76064392 0.69146251
58.60000000 441.76064392 0.69146251
58.70000000 441.79888352 0.69152237
58.80000000 449.79881496 0.70404420
58.90000000 449.79881496 0.70404420
59.00000000 449.79881496 0.70404420
59.10000000 449.79881496 0.70404420
59.20000000 449.79881496 0.70404420
59.30000000 449.79881496 0.70404420
59.40000000 449.79881496 0.70404420
59.50000000 449.81255712 0.70406571
59.60000000 449.81255712 0.70406571
59.70000000 449.81255712 0.70406571
59.80000000 453.81251712 0.71032662
59.90000000 453.81251712 0.71032662
60.00000000 453.81251712 0.71032662
60.10000000 453.81251712 0.71032662
60.20000000 453.81251712 0.71032662
60.30000000 453.81251712 0.71032662
60.40000000 469.81234352 0.73537023
60.50000000 469.81234352 0.73537023
60.60000000 469.81234352 0.73537023
60.70000000 469.81234352 0.73537023
60.80000000 469.81234352 0.73537023
60.90000000 477.81224912 0.74789202
61.00000000 477.82101952 0.74790575
61.10000000 477.82101952 0.74790575
61.20000000 477.82101952 0.74790575
61.30000000 478.11299120 0.74836275
61.40000000 478.11814056 0.74837081
61.50000000 486.45223200 0.76141569
61.60000000 486.45223200 0.76141569
61.70000000 486.45223200 0.76141569
61.80000000 486.45223200 0.76141569
61.90000000 486.45962912 0.76142726
62.00000000 486.45962912 0.76142726
62.10000000 502.45940384 0.78647079
62.20000000 502.45940384 0.78647079
62.30000000 502.48037632 0.78650362
62.40000000 502.48037632 0.78650362
62.50000000 502.48037632 0.78650362
62.60000000 502.48037632 0.78650362
62.70000000 502.48037632 0.78650362
62.80000000 502.48037632 0.78650362
62.90000000 502.48037632 0.78650362
63.00000000 502.48037632 0.78650362
63.10000000 502.48037632 0.78650362
63.20000000 502.48037632 0.78650362
63.30000000 502.48037632 0.78650362
63.40000000 502.57257552 0.78664793
63.50000000 502.57257552 0.78664793
63.60000000 502.57483264 0.78665146
63.70000000 502.57483264 0.78665146
63.80000000 510.57468232 0.79917317
63.90000000 510.57468232 0.79917317
64.00000000 510.68679808 0.79934866
64.10000000 510.68679808 0.79934866
64.20000000 514.00358208 0.80454023
64.30000000 514.00358208 0.80454023
64.40000000 514.00358208 0.80454023
64.50000000 514.00358208 0.80454023
64.60000000 514.00358208 0.80454023
64.70000000 514.00358208 0.80454023
64.80000000 514.02158576 0.80456841
64.90000000 514.02158576 0.80456841
65.00000000 514.02158576 0.80456841
65.10000000 522.02139992 0.81709006
65.20000000 522.02139992 0.81709006
65.30000000 522.14268312 0.81727989
65.40000000 522.14268312 0.81727989
65.50000000 522.14268312 0.81727989
65.60000000 522.14268312 0.81727989
65.70000000 530.14247504 0.82980151
65.80000000 530.14247504 0.82980151
65.90000000 530.14247504 0.82980151
66.00000000 530.14247504 0.82980151
66.10000000 530.14247504 0.82980151
66.20000000 530.14247504 0.82980151
66.30000000 538.14224088 0.84232308
66.40000000 538.14687560 0.84233034
66.50000000 538.14687560 0.84233034
66.60000000 538.14687560 0.84233034
66.70000000 538.14687560 0.84233034
66.80000000 538.14687560 0.84233034
66.90000000 538.14687560 0.84233034
67.00000000 546.14661064 0.85485186
67.10000000 546.14661064 0.85485186
67.20000000 546.14661064 0.85485186
67.30000000 546.15003432 0.85485722
67.40000000 546.15003432 0.85485722
67.50000000 546.15003432 0.85485722
67.60000000 546.15003432 0.85485722
67.70000000 546.15003432 0.85485722
67.80000000 546.15518720 0.85486529
67.90000000 546.15518720 0.85486529
68.00000000 546.15518720 0.85486529
68.10000000 546.15518720 0.85486529
68.20000000 546.15518720 0.85486529
68.30000000 546.15518720 0.85486529
68.40000000 546.15518720 0.85486529
68.50000000 546.15518720 0.85486529
68.60000000 546.30930288 0.85510651
68.70000000 546.30930288 0.85510651
68.80000000 546.30930288 0.85510651
68.90000000 546.30930288 0.85510651
69.00000000 554.30890272 0.86762783
69.10000000 554.30890272 0.86762783
69.20000000 554.30890272 0.86762783
69.30000000 554.30890272 0.86762783
69.40000000 554.31282736 0.86763397
69.50000000 554.31282736 0.86763397
69.60000000 554.31282736 0.86763397
69.70000000 554.31282736 0.86763397
69.80000000 578.31142696 0.90519760
69.90000000 578.31142696 0.90519760
70.00000000 578.31142696 0.90519760
70.10000000 578.31142696 0.90519760
70.20000000 578.31142696 0.90519760
70.30000000 578.31517320 0.90520346
70.40000000 578.31517320 0.90520346
70.50000000 578.31669160 0.90520584
70.60000000 578.31669160 0.90520584
70.70000000 578.31669160 0.90520584
70.80000000 578.31669160 0.90520584
70.90000000 578.31669160 0.90520584
71.00000000 578.31669160 0.90520584
71.10000000 578.31669160 0.90520584
71.20000000 578.31669160 0.90520584
71.30000000 586.31603528 0.91772675
71.40000000 586.31603528 0.91772675
71.50000000 586.31603528 0.91772675
71.60000000 586.31603528 0.91772675
71.70000000 586.31603528 0.91772675
71.80000000 586.31603528 0.91772675
71.90000000 586.31603528 0.91772675
72.00000000 586.31603528 0.91772675
72.10000000 586.31603528 0.91772675
72.20000000 586.31603528 0.91772675
72.30000000 586.31603528 0.91772675
72.40000000 586.31603528 0.91772675
72.50000000 586.31603528 0.91772675
72.60000000 586.31603528 0.91772675
72.70000000 586.31603528 0.91772675
72.80000000 586.31603528 0.91772675
72.90000000 590.31649188 0.92398843
73.00000000 590.31649188 0.92398843
73.10000000 590.31649188 0.92398843
73.20000000 590.31649188 0.92398843
73.30000000 590.31649188 0.92398843
73.40000000 590.31649188 0.92398843
73.50000000 590.31649188 0.92398843
73.60000000 590.31649188 0.92398843
73.70000000 590.31649188 0.92398843
73.80000000 606.31404052 0.94902848
73.90000000 606.31404052 0.94902848
74.00000000 606.31404052 0.94902848
74.10000000 606.31404052 0.94902848
74.20000000 606.31404052 0.94902848
74.30000000 606.31404052 0.94902848
74.40000000 606.31404052 0.94902848
74.50000000 606.31404052 0.94902848
74.60000000 606.31404052 0.94902848
74.70000000 614.31246332 0.96154795
74.80000000 614.31246332 0.96154795
74.90000000 614.31246332 0.96154795
75.00000000 614.31246332 0.96154795
75.10000000 614.31665980 0.96155452
75.20000000 614.31665980 0.96155452
75.30000000 614.31665980 0.96155452
75.40000000 614.31665980 0.96155452
75.50000000 614.31665980 0.96155452
75.60000000 614.31665980 0.96155452
75.70000000 614.31665980 0.96155452
75.80000000 614.31665980 0.96155452
75.90000000 614.31665980 0.96155452
76.00000000 614.31665980 0.96155452
76.10000000 614.31665980 0.96155452
76.20000000 614.31665980 0.96155452
76.30000000 614.31665980 0.96155452
76.40000000 614.31665980 0.96155452
76.50000000 614.31665980 0.96155452
76.60000000 614.31665980 0.96155452
76.70000000 622.31376052 0.97407192
76.80000000 622.57856316 0.97448640
76.90000000 622.57856316 0.97448640
77.00000000 622.57856316 0.97448640
77.10000000 622.57856316 0.97448640
77.20000000 622.57856316 0.97448640
77.30000000 622.57856316 0.97448640
77.40000000 622.58017316 0.97448892
77.50000000 622.58017316 0.97448892
77.60000000 622.58017316 0.97448892
77.70000000 622.58017316 0.97448892
77.80000000 630.57592692 0.98700421
77.90000000 630.57592692 0.98700421
78.00000000 630.57592692 0.98700421
78.10000000 630.57592692 0.98700421
78.20000000 630.57592692 0.98700421
78.30000000 630.57592692 0.98700421
78.40000000 630.57592692 0.98700421
78.50000000 630.57592692 0.98700421
78.60000000 630.57592692 0.98700421
78.70000000 630.57592692 0.98700421
78.80000000 630.57592692 0.98700421
78.90000000 630.57592692 0.98700421
79.00000000 630.57592692 0.98700421
79.10000000 630.57592692 0.98700421
79.20000000 630.57592692 0.98700421
79.30000000 630.57592692 0.98700421
79.40000000 630.57592692 0.98700421
79.50000000 630.83976288 0.98741718
79.60000000 630.83976288 0.98741718
79.70000000 630.83976288 0.98741718
79.80000000 630.83976288 0.98741718
79.90000000 630.83976288 0.98741718
80.00000000 630.83976288 0.98741718
80.10000000 630.83976288 0.98741718
80.20000000 630.83976288 0.98741718
80.30000000 630.83976288 0.98741718
80.40000000 630.83976288 0.98741718
80.50000000 630.83976288 0.98741718
80.60000000 630.83976288 0.98741718
80.70000000 630.83976288 0.98741718
80.80000000 630.83976288 0.98741718
80.90000000 630.83976288 0.98741718
81.00000000 630.83976288 0.98741718
81.10000000 630.83976288 0.98741718
81.20000000 630.83976288 0.98741718
81.30000000 630.83976288 0.98741718
81.40000000 630.83976288 0.98741718
81.50000000 630.83976288 0.98741718
81.60000000 630.83976288 0.98741718
81.70000000 630.84075200 0.98741873
81.80000000 630.84075200 0.98741873
81.90000000 630.84075200 0.98741873
82.00000000 630.84075200 0.98741873
82.10000000 630.84075200 0.98741873
82.20000000 630.84075200 0.98741873
82.30000000 630.84075200 0.98741873
82.40000000 630.84075200 0.98741873
82.50000000 630.84075200 0.98741873
82.60000000 630.84075200 0.98741873
82.70000000 630.84075200 0.98741873
82.80000000 630.84075200 0.98741873
82.90000000 630.84075200 0.98741873
83.00000000 630.84075200 0.98741873
83.10000000 630.84075200 0.98741873
83.20000000 630.84075200 0.98741873
83.30000000 630.84075200 0.98741873
83.40000000 630.84075200 0.98741873
83.50000000 630.84075200 0.98741873
83.60000000 630.84075200 0.98741873
83.70000000 630.84075200 0.98741873
83.80000000 638.72616144 0.99976130
83.90000000 638.72616144 0.99976130
84.00000000 638.72616144 0.99976130
84.10000000 638.72616144 0.99976130
84.20000000 638.81391744 0.99989866
84.30000000 638.81391744 0.99989866
84.40000000 638.81391744 0.99989866
84.50000000 638.81391744 0.99989866
84.60000000 638.81391744 0.99989866
84.70000000 638.81391744 0.99989866
84.80000000 638.81391744 0.99989866
84.90000000 638.81391744 0.99989866
85.00000000 638.81391744 0.99989866
85.10000000 638.81391744 0.99989866
85.20000000 638.81391744 0.99989866
85.30000000 638.81391744 0.99989866
85.40000000 638.81391744 0.99989866
85.50000000 638.81391744 0.99989866
85.60000000 638.81391744 0.99989866
85.70000000 638.81391744 0.99989866
85.80000000 638.81391744 0.99989866
85.90000000 638.81391744 0.99989866
86.00000000 638.81391744 0.99989866
86.10000000 638.81391744 0.99989866
86.20000000 638.81391744 0.99989866
86.30000000 638.87865904 1.00000000
86.40000000 638.87865904 1.00000000
86.50000000 638.87865904 1.00000000
86.60000000 638.87865904 1.00000000
86.70000000 638.87865904 1.00000000
86.80000000 638.87865904 1.00000000
86.90000000 638.87865904 1.00000000
87.00000000 638.87865904 1.00000000
87.10000000 638.87865904 1.00000000
87.20000000 638.87865904 1.00000000
87.30000000 638.87865904 1.00000000
87.40000000 638.87865904 1.00000000
87.50000000 638.87865904 1.00000000
87.60000000 638.87865904 1.00000000
87.70000000 638.87865904 1.00000000
87.80000000 638.87865904 1.00000000
87.90000000 638.87865904 1.00000000
88.00000000 638.87865904 1.00000000
88.10000000 638.87865904 1.00000000
88.20000000 638.87865904 1.00000000
88.30000000 638.87865904 1.00000000
88.40000000 638.87865904 1.00000000
88.50000000 638.87865904 1.00000000
88.60000000 638.87865904 1.00000000
88.70000000 638.87865904 1.00000000
88.80000000 638.87865904 1.00000000
88.90000000 638.87865904 1.00000000
89.00000000 638.87865904 1.00000000
89.10000000 638.87865904 1.00000000
89.20000000 638.87865904 1.00000000
89.30000000 638.87865904 1.00000000
89.40000000 638.87865904 1.00000000
89.50000000 638.87865904 1.00000000
89.60000000 638.87865904 1.00000000
89.70000000 638.87865904 1.00000000
89.80000000 638.87865904 1.00000000
89.90000000 638.87865904 1.00000000
90.00000000 638.87865904 1.00000000
