# Theta (deg), Enclosed Intensity, Normalized Enclosed Intensity
0.00000000 0.00000000 0.00000000
0.10000000 0.00000000 0.00000000
0.20000000 3.95265920 0.00603309
0.30000000 11.85724640 0.01809815
0.40000000 11.85724640 0.01809815
0.50000000 27.29814144 0.04166615
0.60000000 27.29814144 0.04166615
0.70000000 27.29814144 0.04166615
0.80000000 33.54479096 0.05120064
0.90000000 33.54479096 0.05120064
1.00000000 33.54479096 0.05120064
1.10000000 45.38753612 0.06927665
1.20000000 45.38753612 0.06927665
1.30000000 51.91583980 0.07924104
1.40000000 63.31508500 0.09664012
1.50000000 63.31508500 0.09664012
1.60000000 79.12414732 0.12077007
1.70000000 79.12414732 0.12077007
1.80000000 86.96322092 0.13273513
1.90000000 86.96322092 0.13273513
2.00000000 86.96322092 0.13273513
2.10000000 86.96322092 0.13273513
2.20000000 86.96322092 0.13273513
2.30000000 86.96322092 0.13273513
2.40000000 86.96322092 0.13273513
2.50000000 86.96322092 0.13273513
2.60000000 86.96322092 0.13273513
2.70000000 86.96322092 0.13273513
2.80000000 94.64287180 0.14445686
2.90000000 102.52960172 0.15649467
3.00000000 102.52960172 0.15649467
3.10000000 113.12331476 0.17266424
3.20000000 117.07024400 0.17868858
3.30000000 124.96823896 0.19074358
3.40000000 140.77122464 0.21486425
3.50000000 140.77122464 0.21486425
3.60000000 140.77122464 0.21486425
3.70000000 140.77122464 0.21486425
3.80000000 140.77222040 0.21486577
3.90000000 140.77222040 0.21486577
4.00000000 146.53681896 0.22366449
4.10000000 146.53681896 0.22366449
4.20000000 146.53681896 0.22366449
4.30000000 154.35469000 0.23559719
4.40000000 154.35469000 0.23559719
4.50000000 154.35469000 0.23559719
4.60000000 154.35469000 0.23559719
4.70000000 154.35469000 0.23559719
4.80000000 162.19877352 0.24756990
4.90000000 162.19877352 0.24756990
5.00000000 162.19877352 0.24756990
5.10000000 162.19877352 0.24756990
5.20000000 162.19877352 0.24756990
5.30000000 162.19877352 0.24756990
5.40000000 170.07044520 0.25958472
5.50000000 170.07044520 0.25958472
5.60000000 185.82955992 0.28363843
5.70000000 185.82955992 0.28363843
5.80000000 189.77225240 0.28965631
5.90000000 197.66555232 0.30170414
6.00000000 204.20770336 0.31168966
6.10000000 204.20770336 0.31168966
6.20000000 204.20770336 0.31168966
6.30000000 204.20770336 0.31168966
6.40000000 211.86417832 0.32337602
6.50000000 211.86417832 0.32337602
6.60000000 211.86417832 0.32337602
6.70000000 211.86417832 0.32337602
6.80000000 211.86417832 0.32337602
6.90000000 211.86417832 0.32337602
7.00000000 219.58169832 0.33515555
7.10000000 219.58169832 0.33515555
7.20000000 219.58169832 0.33515555
7.30000000 219.58169832 0.33515555
7.40000000 219.58169832 0.33515555
7.50000000 237.77208884 0.36292020
7.60000000 237.77208884 0.36292020
7.70000000 237.77208884 0.36292020
7.80000000 237.77208884 0.36292020
7.90000000 253.63630300 0.38713433
8.00000000 253.63630300 0.38713433
8.10000000 253.63630300 0.38713433
8.20000000 253.63630300 0.38713433
8.30000000 253.63630300 0.38713433
8.40000000 258.41460412 0.39442763
8.50000000 266.24167668 0.40637437
8.60000000 280.64321188 0.42835596
8.70000000 280.64321188 0.42835596
8.80000000 280.64321188 0.42835596
8.90000000 280.64321188 0.42835596
9.00000000 296.36231028 0.45234860
9.10000000 300.29568036 0.45835224
9.20000000 300.29568036 0.45835224
9.30000000 300.29568036 0.45835224
9.40000000 300.29568036 0.45835224
9.50000000 300.29568036 0.45835224
9.60000000 300.29568036 0.45835224
9.70000000 300.29568036 0.45835224
9.80000000 300.29568036 0.45835224
9.90000000 300.29568036 0.45835224
10.00000000 300.29568036 0.45835224
10.10000000 300.29568036 0.45835224
10.20000000 300.29568036 0.45835224
10.30000000 300.29568036 0.45835224
10.40000000 300.29568036 0.45835224
10.50000000 300.29568036 0.45835224
10.60000000 308.97315392 0.47159699
10.70000000 308.97315392 0.47159699
10.80000000 308.97315392 0.47159699
10.90000000 309.03138920 0.47168587
11.00000000 309.03138920 0.47168587
11.10000000 309.03138920 0.47168587
11.20000000 309.03138920 0.47168587
11.30000000 324.25541640 0.49492286
11.40000000 324.29564624 0.49498426
11.50000000 324.29564624 0.49498426
11.60000000 324.29564624 0.49498426
11.70000000 324.29564624 0.49498426
11.80000000 324.29564624 0.49498426
11.90000000 324.29564624 0.49498426
12.00000000 324.29564624 0.49498426
12.10000000 332.04803912 0.50681702
12.20000000 332.04803912 0.50681702
12.30000000 332.04803912 0.50681702
12.40000000 339.77359072 0.51860881
12.50000000 339.77359072 0.51860881
12.60000000 339.77359072 0.51860881
12.70000000 339.77359072 0.51860881
12.80000000 339.77359072 0.51860881
12.90000000 355.31501040 0.54233025
13.00000000 355.32522816 0.54234585
13.10000000 363.11328376 0.55423304
13.20000000 363.11328376 0.55423304
13.30000000 363.11328376 0.55423304
13.40000000 369.69656784 0.56428135
13.50000000 369.69656784 0.56428135
13.60000000 369.69656784 0.56428135
13.70000000 369.69656784 0.56428135
13.80000000 369.69656784 0.56428135
13.90000000 369.69656784 0.56428135
14.00000000 369.69656784 0.56428135
14.10000000 372.06845368 0.56790164
14.20000000 372.06845368 0.56790164
14.30000000 372.06845368 0.56790164
14.40000000 378.90778584 0.57834076
14.50000000 378.90778584 0.57834076
14.60000000 378.90778584 0.57834076
14.70000000 378.90778584 0.57834076
14.80000000 378.90778584 0.57834076
14.90000000 378.90778584 0.57834076
15.00000000 378.90778584 0.57834076
15.10000000 378.90778584 0.57834076
15.20000000 378.90778584 0.57834076
15.30000000 378.90778584 0.57834076
15.40000000 378.90778584 0.57834076
15.50000000 378.90778584 0.57834076
15.60000000 378.90778584 0.57834076
15.70000000 378.98177576 0.57845370
15.80000000 378.98177576 0.57845370
15.90000000 386.15195296 0.58939780
16.00000000 386.15195296 0.58939780
16.10000000 386.15195296 0.58939780
16.20000000 386.15195296 0.58939780
16.30000000 386.15195296 0.58939780
16.40000000 386.15195296 0.58939780
16.50000000 400.71536960 0.61162647
16.60000000 400.71536960 0.61162647
16.70000000 400.71536960 0.61162647
16.80000000 400.71536960 0.61162647
16.90000000 400.71536960 0.61162647
17.00000000 408.08612752 0.62287673
17.10000000 408.08612752 0.62287673
17.20000000 408.08612752 0.62287673
17.30000000 408.08612752 0.62287673
17.40000000 408.08612752 0.62287673
17.50000000 415.52930960 0.63423753
17.60000000 415.52930960 0.63423753
17.70000000 415.52930960 0.63423753
17.80000000 415.52930960 0.63423753
17.90000000 415.52930960 0.63423753
18.00000000 415.52930960 0.63423753
18.10000000 415.52930960 0.63423753
18.20000000 415.52930960 0.63423753
18.30000000 415.52930960 0.63423753
18.40000000 423.12474048 0.64583071
18.50000000 423.12474048 0.64583071
18.60000000 423.12474048 0.64583071
18.70000000 430.75637352 0.65747915
18.80000000 430.75637352 0.65747915
18.90000000 430.75637352 0.65747915
19.00000000 430.75637352 0.65747915
19.10000000 430.75637352 0.65747915
19.20000000 430.75637352 0.65747915
19.30000000 430.75637352 0.65747915
19.40000000 430.75637352 0.65747915
19.50000000 430.75637352 0.65747915
19.60000000 430.75637352 0.65747915
19.70000000 430.75637352 0.65747915
19.80000000 430.75637352 0.65747915
19.90000000 430.75637352 0.65747915
20.00000000 430.75637352 0.65747915
20.10000000 430.75637352 0.65747915
20.20000000 430.75637352 0.65747915
20.30000000 430.75637352 0.65747915
20.40000000 430.75637352 0.65747915
20.50000000 430.75637352 0.65747915
20.60000000 430.75637352 0.65747915
20.70000000 430.75637352 0.65747915
20.80000000 436.12283608 0.66567018
20.90000000 436.12283608 0.66567018
21.00000000 436.12283608 0.66567018
21.10000000 436.12283608 0.66567018
21.20000000 436.12283608 0.66567018
21.30000000 436.12283608 0.66567018
21.40000000 436.12283608 0.66567018
21.50000000 436.12283608 0.66567018
21.60000000 436.12283608 0.66567018
21.70000000 436.12283608 0.66567018
21.80000000 436.12283608 0.66567018
21.90000000 436.12283608 0.66567018
22.00000000 436.12283608 0.66567018
22.10000000 441.95974016 0.67457926
22.20000000 441.95974016 0.67457926
22.30000000 441.95974016 0.67457926
22.40000000 441.95974016 0.67457926
22.50000000 441.95974016 0.67457926
22.60000000 441.95974016 0.67457926
22.70000000 441.95974016 0.67457926
22.80000000 441.95974016 0.67457926
22.90000000 441.95974016 0.67457926
23.00000000 441.95974016 0.67457926
23.10000000 441.95974016 0.67457926
23.20000000 441.95974016 0.67457926
23.30000000 441.95974016 0.67457926
23.40000000 441.95974016 0.67457926
23.50000000 441.95974016 0.67457926
23.60000000 441.98857256 0.67462327
23.70000000 441.98857256 0.67462327
23.80000000 441.98857256 0.67462327
23.90000000 461.38040552 0.70422173
24.00000000 461.39883024 0.70424985
24.10000000 461.39883024 0.70424985
24.20000000 461.39883024 0.70424985
24.30000000 461.39883024 0.70424985
24.40000000 461.39883024 0.70424985
24.50000000 461.39883024 0.70424985
24.60000000 461.39883024 0.70424985
24.70000000 461.39883024 0.70424985
24.80000000 461.39883024 0.70424985
24.90000000 461.39883024 0.70424985
25.00000000 461.39883024 0.70424985
25.10000000 461.39883024 0.70424985
25.20000000 468.38428472 0.71491200
25.30000000 468.40927136 0.71495014
25.40000000 468.40927136 0.71495014
25.50000000 468.40927136 0.71495014
25.60000000 468.40927136 0.71495014
25.70000000 475.40564352 0.72562896
25.80000000 475.40564352 0.72562896
25.90000000 475.40564352 0.72562896
26.00000000 475.40564352 0.72562896
26.10000000 475.40564352 0.72562896
26.20000000 475.40564352 0.72562896
26.30000000 475.40564352 0.72562896
26.40000000 475.40564352 0.72562896
26.50000000 489.83183888 0.74764819
26.60000000 489.83183888 0.74764819
26.70000000 490.03773304 0.74796245
26.80000000 490.03773304 0.74796245
26.90000000 490.03773304 0.74796245
27.00000000 490.04192200 0.74796885
27.10000000 490.04192200 0.74796885
27.20000000 490.04192200 0.74796885
27.30000000 490.04192200 0.74796885
27.40000000 490.04192200 0.74796885
27.50000000 490.04192200 0.74796885
27.60000000 490.04192200 0.74796885
27.70000000 490.04192200 0.74796885
27.80000000 490.04192200 0.74796885
27.90000000 490.04192200 0.74796885
28.00000000 490.04498792 0.74797352
28.10000000 490.04498792 0.74797352
28.20000000 490.04498792 0.74797352
28.30000000 490.06145672 0.74799866
28.40000000 490.06145672 0.74799866
28.50000000 490.06145672 0.74799866
28.60000000 490.06145672 0.74799866
28.70000000 490.06145672 0.74799866
28.80000000 490.06145672 0.74799866
28.90000000 490.06145672 0.74799866
29.00000000 490.06145672 0.74799866
29.10000000 490.06145672 0.74799866
29.20000000 490.06145672 0.74799866
29.30000000 490.06145672 0.74799866
29.40000000 490.11360792 0.74807826
29.50000000 490.23750844 0.74826738
29.60000000 490.23750844 0.74826738
29.70000000 490.23750844 0.74826738
29.80000000 490.23750844 0.74826738
29.90000000 490.23750844 0.74826738
30.00000000 490.23750844 0.74826738
30.10000000 490.24096492 0.74827265
30.20000000 490.24096492 0.74827265
30.30000000 490.24096492 0.74827265
30.40000000 490.24096492 0.74827265
30.50000000 490.24096492 0.74827265
30.60000000 490.24096492 0.74827265
30.70000000 490.24096492 0.74827265
30.80000000 490.24870532 0.74828447
30.90000000 490.24870532 0.74828447
31.00000000 490.26236172 0.74830531
31.10000000 490.26236172 0.74830531
31.20000000 490.26236172 0.74830531
31.30000000 490.26236172 0.74830531
31.40000000 490.26236172 0.74830531
31.50000000 490.29021372 0.74834782
31.60000000 490.29021372 0.74834782
31.70000000 490.29021372 0.74834782
31.80000000 490.29490044 0.74835498
31.90000000 490.31344004 0.74838327
32.00000000 490.31344004 0.74838327
32.10000000 490.31344004 0.74838327
32.20000000 490.31344004 0.74838327
32.30000000 490.31344004 0.74838327
32.40000000 490.32408740 0.74839952
32.50000000 490.32408740 0.74839952
32.60000000 490.32408740 0.74839952
32.70000000 490.32408740 0.74839952
32.80000000 490.32408740 0.74839952
32.90000000 490.32408740 0.74839952
33.00000000 490.32408740 0.74839952
33.10000000 490.32408740 0.74839952
33.20000000 490.32408740 0.74839952
33.30000000 490.32408740 0.74839952
33.40000000 490.32408740 0.74839952
33.50000000 490.32408740 0.74839952
33.60000000 490.34728348 0.74843493
33.70000000 490.34728348 0.74843493
33.80000000 490.35445852 0.74844588
33.90000000 490.36127020 0.74845628
34.00000000 490.36322796 0.74845927
34.10000000 490.36322796 0.74845927
34.20000000 490.36322796 0.74845927
34.30000000 490.36322796 0.74845927
34.40000000 490.36322796 0.74845927
34.50000000 490.36322796 0.74845927
34.60000000 490.36322796 0.74845927
34.70000000 490.36322796 0.74845927
34.80000000 490.36322796 0.74845927
34.90000000 490.36468300 0.74846149
35.00000000 490.36468300 0.74846149
35.10000000 490.36468300 0.74846149
35.20000000 490.36734556 0.74846555
35.30000000 490.37216540 0.74847291
35.40000000 490.37216540 0.74847291
35.50000000 490.37216540 0.74847291
35.60000000 490.37216540 0.74847291
35.70000000 490.37216540 0.74847291
35.80000000 490.37216540 0.74847291
35.90000000 490.37216540 0.74847291
36.00000000 490.37216540 0.74847291
36.10000000 490.37216540 0.74847291
36.20000000 499.12132860 0.76182707
36.30000000 499.12132860 0.76182707
36.40000000 499.12225868 0.76182849
36.50000000 499.12225868 0.76182849
36.60000000 499.12225868 0.76182849
36.70000000 499.12225868 0.76182849
36.80000000 499.12225868 0.76182849
36.90000000 499.12225868 0.76182849
37.00000000 499.12225868 0.76182849
37.10000000 499.12225868 0.76182849
37.20000000 499.12225868 0.76182849
37.30000000 504.20988708 0.76959393
37.40000000 504.20988708 0.76959393
37.50000000 504.20988708 0.76959393
37.60000000 504.20988708 0.76959393
37.70000000 504.20988708 0.76959393
37.80000000 504.21142644 0.76959628
37.90000000 504.21142644 0.76959628
38.00000000 504.21142644 0.76959628
38.10000000 509.82794900 0.77816898
38.20000000 509.82794900 0.77816898
38.30000000 509.82794900 0.77816898
38.40000000 509.82794900 0.77816898
38.50000000 509.82794900 0.77816898
38.60000000 509.82794900 0.77816898
38.70000000 521.86530052 0.79654203
38.80000000 521.86530052 0.79654203
38.90000000 521.86530052 0.79654203
39.00000000 521.86530052 0.79654203
39.10000000 521.86530052 0.79654203
39.20000000 525.03083280 0.80137370
39.30000000 525.03083280 0.80137370
39.40000000 525.03083280 0.80137370
39.50000000 525.03083280 0.80137370
39.60000000 525.06798696 0.80143040
39.70000000 525.06798696 0.80143040
39.80000000 525.06798696 0.80143040
39.90000000 525.06798696 0.80143040
40.00000000 525.06798696 0.80143040
40.10000000 525.06798696 0.80143040
40.20000000 525.07553568 0.80144193
40.30000000 525.07553568 0.80144193
40.40000000 525.07553568 0.80144193
40.50000000 525.07553568 0.80144193
40.60000000 525.07553568 0.80144193
40.70000000 525.07553568 0.80144193
40.80000000 525.07553568 0.80144193
40.90000000 525.07553568 0.80144193
41.00000000 525.07553568 0.80144193
41.10000000 525.07553568 0.80144193
41.20000000 525.07553568 0.80144193
41.30000000 525.07553568 0.80144193
41.40000000 525.07553568 0.80144193
41.50000000 525.07553568 0.80144193
41.60000000 525.07553568 0.80144193
41.70000000 525.07553568 0.80144193
41.80000000 525.07553568 0.80144193
41.90000000 525.07553568 0.80144193
42.00000000 525.07553568 0.80144193
42.10000000 525.07553568 0.80144193
42.20000000 525.07553568 0.80144193
42.30000000 525.07553568 0.80144193
42.40000000 525.07553568 0.80144193
42.50000000 525.07553568 0.80144193
42.60000000 525.07553568 0.80144193
42.70000000 525.07553568 0.80144193
42.80000000 525.07553568 0.80144193
42.90000000 525.07553568 0.80144193
43.00000000 525.07553568 0.80144193
43.10000000 525.07553568 0.80144193
43.20000000 525.07553568 0.80144193
43.30000000 525.07553568 0.80144193
43.40000000 525.07553568 0.80144193
43.50000000 525.07553568 0.80144193
43.60000000 525.07553568 0.80144193
43.70000000 525.07553568 0.80144193
43.80000000 525.07553568 0.80144193
43.90000000 525.07553568 0.80144193
44.00000000 525.07553568 0.80144193
44.10000000 525.07553568 0.80144193
44.20000000 525.07553568 0.80144193
44.30000000 525.07553568 0.80144193
44.40000000 525.07553568 0.80144193
44.50000000 525.07553568 0.80144193
44.60000000 525.08808952 0.80146109
44.70000000 525.08808952 0.80146109
44.80000000 525.08808952 0.80146109
44.90000000 525.08808952 0.80146109
45.00000000 525.08808952 0.80146109
45.10000000 525.08808952 0.80146109
45.20000000 525.08808952 0.80146109
45.30000000 527.10972104 0.80454678
45.40000000 527.10972104 0.80454678
45.50000000 527.10972104 0.80454678
45.60000000 527.10972104 0.80454678
45.70000000 527.10972104 0.80454678
45.80000000 527.10972104 0.80454678
45.90000000 527.10972104 0.80454678
46.00000000 527.10972104 0.80454678
46.10000000 527.10972104 0.80454678
46.20000000 527.10972104 0.80454678
46.30000000 527.19080704 0.80467054
46.40000000 527.19080704 0.80467054
46.50000000 527.19080704 0.80467054
46.60000000 527.19080704 0.80467054
46.70000000 527.19080704 0.80467054
46.80000000 527.19080704 0.80467054
46.90000000 527.19080704 0.80467054
47.00000000 527.19080704 0.80467054
47.10000000 527.19080704 0.80467054
47.20000000 527.19080704 0.80467054
47.30000000 527.19080704 0.80467054
47.40000000 527.19080704 0.80467054
47.50000000 527.19080704 0.80467054
47.60000000 527.19080704 0.80467054
47.70000000 527.19080704 0.80467054
47.80000000 527.19080704 0.80467054
47.90000000 527.19080704 0.80467054
48.00000000 527.19080704 0.80467054
48.10000000 527.19080704 0.80467054
48.20000000 527.19080704 0.80467054
48.30000000 527.19080704 0.80467054
48.40000000 527.19080704 0.80467054
48.50000000 527.19080704 0.80467054
48.60000000 527.19080704 0.80467054
48.70000000 527.19080704 0.80467054
48.80000000 527.19080704 0.80467054
48.90000000 527.19878692 0.80468272
49.00000000 527.19878692 0.80468272
49.10000000 527.19878692 0.80468272
49.20000000 527.19878692 0.80468272
49.30000000 527.19878692 0.80468272
49.40000000 527.19878692 0.80468272
49.50000000 527.19878692 0.80468272
49.60000000 527.19878692 0.80468272
49.70000000 527.19878692 0.80468272
49.80000000 527.19878692 0.80468272
49.90000000 527.19878692 0.80468272
50.00000000 527.19878692 0.80468272
50.10000000 527.19878692 0.80468272
50.20000000 527.19878692 0.80468272
50.30000000 527.19878692 0.80468272
50.40000000 527.19878692 0.80468272
50.50000000 527.19878692 0.80468272
50.60000000 527.19878692 0.80468272
50.70000000 527.24913052 0.80475956
50.80000000 527.24913052 0.80475956
50.90000000 527.24913052 0.80475956
51.00000000 527.24913052 0.80475956
51.10000000 527.24913052 0.80475956
51.20000000 527.24913052 0.80475956
51.30000000 527.24913052 0.80475956
51.40000000 527.24913052 0.80475956
51.50000000 527.24913052 0.80475956
51.60000000 527.24913052 0.80475956
51.70000000 527.24913052 0.80475956
51.80000000 527.24913052 0.80475956
51.90000000 527.24913052 0.80475956
52.00000000 527.24913052 0.80475956
52.10000000 527.24913052 0.80475956
52.20000000 527.24913052 0.80475956
52.30000000 527.24913052 0.80475956
52.40000000 527.24913052 0.80475956
52.50000000 527.24913052 0.80475956
52.60000000 527.25431980 0.80476748
52.70000000 527.25431980 0.80476748
52.80000000 527.25431980 0.80476748
52.90000000 527.25431980 0.80476748
53.00000000 527.25431980 0.80476748
53.10000000 527.25431980 0.80476748
53.20000000 527.25431980 0.80476748
53.30000000 527.25431980 0.80476748
53.40000000 527.63869140 0.80535416
53.50000000 527.63869140 0.80535416
53.60000000 527.63869140 0.80535416
53.70000000 527.63869140 0.80535416
53.80000000 527.63869140 0.80535416
53.90000000 527.63869140 0.80535416
54.00000000 527.63869140 0.80535416
54.10000000 527.63869140 0.80535416
54.20000000 527.63869140 0.80535416
54.30000000 527.63869140 0.80535416
54.40000000 527.63869140 0.80535416
54.50000000 527.63869140 0.80535416
54.60000000 527.63869140 0.80535416
54.70000000 527.63869140 0.80535416
54.80000000 527.64079508 0.80535738
54.90000000 527.64079508 0.80535738
55.00000000 527.64079508 0.80535738
55.10000000 527.64079508 0.80535738
55.20000000 527.64079508 0.80535738
55.30000000 527.64541412 0.80536443
55.40000000 527.64541412 0.80536443
55.50000000 527.64541412 0.80536443
55.60000000 527.64541412 0.80536443
55.70000000 527.64541412 0.80536443
55.80000000 527.64541412 0.80536443
55.90000000 527.64541412 0.80536443
56.00000000 527.64541412 0.80536443
56.10000000 527.64541412 0.80536443
56.20000000 527.64541412 0.80536443
56.30000000 527.64541412 0.80536443
56.40000000 527.64541412 0.80536443
56.50000000 527.64541412 0.80536443
56.60000000 527.64541412 0.80536443
56.70000000 527.64541412 0.80536443
56.80000000 527.64741156 0.80536747
56.90000000 527.64741156 0.80536747
57.00000000 527.64741156 0.80536747
57.10000000 527.64741156 0.80536747
57.20000000 527.64741156 0.80536747
57.30000000 527.64741156 0.80536747
57.40000000 527.64741156 0.80536747
57.50000000 527.65077940 0.80537262
57.60000000 527.65077940 0.80537262
57.70000000 527.65967916 0.80538620
57.80000000 527.65967916 0.80538620
57.90000000 527.65967916 0.80538620
58.00000000 527.65967916 0.80538620
58.10000000 527.66184900 0.80538951
58.20000000 527.68843796 0.80543009
58.30000000 527.68843796 0.80543009
58.40000000 527.68843796 0.80543009
58.50000000 527.68843796 0.80543009
58.60000000 527.68843796 0.80543009
58.70000000 527.68843796 0.80543009
58.80000000 527.68843796 0.80543009
58.90000000 527.68843796 0.80543009
59.00000000 527.68843796 0.80543009
59.10000000 527.68843796 0.80543009
59.20000000 527.68843796 0.80543009
59.30000000 527.68843796 0.80543009
59.40000000 527.68843796 0.80543009
59.50000000 527.68843796 0.80543009
59.60000000 527.68843796 0.80543009
59.70000000 527.68843796 0.80543009
59.80000000 527.68843796 0.80543009
59.90000000 527.68843796 0.80543009
60.00000000 527.68843796 0.80543009
60.10000000 527.68843796 0.80543009
60.20000000 527.68843796 0.80543009
60.30000000 527.68843796 0.80543009
60.40000000 527.68843796 0.80543009
60.50000000 527.68843796 0.80543009
60.60000000 527.68843796 0.80543009
60.70000000 527.69364932 0.80543805
60.80000000 527.69364932 0.80543805
60.90000000 527.69364932 0.80543805
61.00000000 527.69364932 0.80543805
61.10000000 527.69364932 0.80543805
61.20000000 527.69364932 0.80543805
61.30000000 527.69364932 0.80543805
61.40000000 527.69364932 0.80543805
61.50000000 527.69364932 0.80543805
61.60000000 527.69364932 0.80543805
61.70000000 527.69364932 0.80543805
61.80000000 527.69364932 0.80543805
61.90000000 527.69364932 0.80543805
62.00000000 527.69364932 0.80543805
62.10000000 527.69364932 0.80543805
62.20000000 527.69364932 0.80543805
62.30000000 527.69364932 0.80543805
62.40000000 527.69364932 0.80543805
62.50000000 527.69364932 0.80543805
62.60000000 527.69364932 0.80543805
62.70000000 527.69364932 0.80543805
62.80000000 527.69364932 0.80543805
62.90000000 527.69364932 0.80543805
63.00000000 527.69364932 0.80543805
63.10000000 527.69364932 0.80543805
63.20000000 527.69364932 0.80543805
63.30000000 527.69364932 0.80543805
63.40000000 527.69364932 0.80543805
63.50000000 527.69364932 0.80543805
63.60000000 527.69364932 0.80543805
63.70000000 527.69364932 0.80543805
63.80000000 527.69364932 0.80543805
63.90000000 527.69364932 0.80543805
64.00000000 527.69364932 0.80543805
64.10000000 527.69364932 0.80543805
64.20000000 527.69364932 0.80543805
64.30000000 527.69364932 0.80543805
64.40000000 527.69364932 0.80543805
64.50000000 527.70092796 0.80544916
64.60000000 527.70092796 0.80544916
64.70000000 527.70092796 0.80544916
64.80000000 527.70092796 0.80544916
64.90000000 527.70092796 0.80544916
65.00000000 527.70092796 0.80544916
65.10000000 535.70080876 0.81765967
65.20000000 535.70080876 0.81765967
65.30000000 535.70080876 0.81765967
65.40000000 535.73990380 0.81771934
65.50000000 535.73990380 0.81771934
65.60000000 535.73990380 0.81771934
65.70000000 543.73977036 0.82992983
65.80000000 543.73977036 0.82992983
65.90000000 543.73977036 0.82992983
66.00000000 543.74186308 0.82993302
66.10000000 543.74186308 0.82993302
66.20000000 543.74186308 0.82993302
66.30000000 543.74186308 0.82993302
66.40000000 551.74171284 0.84214348
66.50000000 551.74171284 0.84214348
66.60000000 551.74171284 0.84214348
66.70000000 551.74171284 0.84214348
66.80000000 551.74171284 0.84214348
66.90000000 551.74171284 0.84214348
67.00000000 559.76712292 0.85439296
67.10000000 559.76712292 0.85439296
67.20000000 559.76712292 0.85439296
67.30000000 559.76712292 0.85439296
67.40000000 559.76712292 0.85439296
67.50000000 559.76712292 0.85439296
67.60000000 559.76712292 0.85439296
67.70000000 559.76712292 0.85439296
67.80000000 559.76811372 0.85439447
67.90000000 559.76811372 0.85439447
68.00000000 559.76811372 0.85439447
68.10000000 559.76811372 0.85439447
68.20000000 559.76811372 0.85439447
68.30000000 559.79133316 0.85442991
68.40000000 559.79414484 0.85443421
68.50000000 559.79414484 0.85443421
68.60000000 559.79414484 0.85443421
68.70000000 559.79414484 0.85443421
68.80000000 559.79414484 0.85443421
68.90000000 559.79414484 0.85443421
69.00000000 559.79414484 0.85443421
69.10000000 567.79388796 0.86664450
69.20000000 570.66872548 0.87103247
69.30000000 570.66872548 0.87103247
69.40000000 570.66872548 0.87103247
69.50000000 570.66872548 0.87103247
69.60000000 570.66872548 0.87103247
69.70000000 570.66872548 0.87103247
69.80000000 594.66782620 0.90766318
69.90000000 594.66782620 0.90766318
70.00000000 594.66782620 0.90766318
70.10000000 594.66782620 0.90766318
70.20000000 594.66782620 0.90766318
70.30000000 594.66782620 0.90766318
70.40000000 594.66782620 0.90766318
70.50000000 594.66782620 0.90766318
70.60000000 594.66879924 0.90766466
70.70000000 594.66879924 0.90766466
70.80000000 594.66879924 0.90766466
70.90000000 594.66879924 0.90766466
71.00000000 594.66879924 0.90766466
71.10000000 594.66879924 0.90766466
71.20000000 594.66879924 0.90766466
71.30000000 602.66837756 0.91987471
71.40000000 602.66837756 0.91987471
71.50000000 602.66837756 0.91987471
71.60000000 602.66837756 0.91987471
71.70000000 602.66837756 0.91987471
71.80000000 602.66837756 0.91987471
71.90000000 602.66837756 0.91987471
72.00000000 602.66837756 0.91987471
72.10000000 602.66837756 0.91987471
72.20000000 602.66837756 0.91987471
72.30000000 602.66837756 0.91987471
72.40000000 602.66837756 0.91987471
72.50000000 602.66837756 0.91987471
72.60000000 602.66837756 0.91987471
72.70000000 602.66837756 0.91987471
72.80000000 602.66837756 0.91987471
72.90000000 602.66837756 0.91987471
73.00000000 606.66806356 0.92597958
73.10000000 606.66806356 0.92597958
73.20000000 606.66806356 0.92597958
73.30000000 606.69698452 0.92602372
73.40000000 606.69698452 0.92602372
73.50000000 606.69698452 0.92602372
73.60000000 606.69698452 0.92602372
73.70000000 606.69698452 0.92602372
73.80000000 606.69698452 0.92602372
73.90000000 622.69540740 0.95044269
74.00000000 622.69540740 0.95044269
74.10000000 622.69540740 0.95044269
74.20000000 622.69540740 0.95044269
74.30000000 622.69540740 0.95044269
74.40000000 622.69540740 0.95044269
74.50000000 622.69540740 0.95044269
74.60000000 622.69540740 0.95044269
74.70000000 622.69540740 0.95044269
74.80000000 630.69439196 0.96265184
74.90000000 630.69439196 0.96265184
75.00000000 630.69439196 0.96265184
75.10000000 630.69439196 0.96265184
75.20000000 630.69439196 0.96265184
75.30000000 630.69439196 0.96265184
75.40000000 630.69439196 0.96265184
75.50000000 630.69439196 0.96265184
75.60000000 630.69439196 0.96265184
75.70000000 630.69439196 0.96265184
75.80000000 630.69439196 0.96265184
75.90000000 630.69439196 0.96265184
76.00000000 630.69439196 0.96265184
76.10000000 630.69439196 0.96265184
76.20000000 630.69439196 0.96265184
76.30000000 630.69439196 0.96265184
76.40000000 630.69439196 0.96265184
76.50000000 630.69439196 0.96265184
76.60000000 630.69439196 0.96265184
76.70000000 630.69439196 0.96265184
76.80000000 638.69252156 0.97485967
76.90000000 638.69252156 0.97485967
77.00000000 638.69252156 0.97485967
77.10000000 638.69252156 0.97485967
77.20000000 638.69252156 0.97485967
77.30000000 638.69252156 0.97485967
77.40000000 638.69252156 0.97485967
77.50000000 638.69252156 0.97485967
77.60000000 638.69715164 0.97486674
77.70000000 638.69715164 0.97486674
77.80000000 638.69715164 0.97486674
77.90000000 646.69440788 0.98707324
78.00000000 646.69440788 0.98707324
78.10000000 646.69440788 0.98707324
78.20000000 646.69440788 0.98707324
78.30000000 646.69440788 0.98707324
78.40000000 646.69440788 0.98707324
78.50000000 646.69440788 0.98707324
78.60000000 646.69440788 0.98707324
78.70000000 646.69440788 0.98707324
78.80000000 646.69440788 0.98707324
78.90000000 646.69440788 0.98707324
79.00000000 646.69440788 0.98707324
79.10000000 646.69440788 0.98707324
79.20000000 646.69440788 0.98707324
79.30000000 646.69440788 0.98707324
79.40000000 646.69440788 0.98707324
79.50000000 646.69774452 0.98707834
79.60000000 646.69774452 0.98707834
79.70000000 646.69774452 0.98707834
79.80000000 646.69774452 0.98707834
79.90000000 646.69774452 0.98707834
80.00000000 646.69774452 0.98707834
80.10000000 646.69774452 0.98707834
80.20000000 646.69774452 0.98707834
80.30000000 646.69774452 0.98707834
80.40000000 646.69774452 0.98707834
80.50000000 646.69774452 0.98707834
80.60000000 646.69774452 0.98707834
80.70000000 646.69774452 0.98707834
80.80000000 646.69774452 0.98707834
80.90000000 646.69774452 0.98707834
81.00000000 646.69774452 0.98707834
81.10000000 646.69774452 0.98707834
81.20000000 646.69774452 0.98707834
81.30000000 646.69774452 0.98707834
81.40000000 646.69774452 0.98707834
81.50000000 646.69774452 0.98707834
81.60000000 646.69774452 0.98707834
81.70000000 646.69774452 0.98707834
81.80000000 646.69774452 0.98707834
81.90000000 646.69774452 0.98707834
82.00000000 646.69774452 0.98707834
82.10000000 646.69774452 0.98707834
82.20000000 646.69774452 0.98707834
82.30000000 646.69774452 0.98707834
82.40000000 646.69774452 0.98707834
82.50000000 646.69774452 0.98707834
82.60000000 646.69774452 0.98707834
82.70000000 646.69774452 0.98707834
82.80000000 646.69774452 0.98707834
82.90000000 646.69774452 0.98707834
83.00000000 647.01165972 0.98755748
83.10000000 647.01533876 0.98756309
83.20000000 647.01533876 0.98756309
83.30000000 647.01533876 0.98756309
83.40000000 647.01533876 0.98756309
83.50000000 647.01533876 0.98756309
83.60000000 647.01533876 0.98756309
83.70000000 647.01533876 0.98756309
83.80000000 647.01533876 0.98756309
83.90000000 647.01533876 0.98756309
84.00000000 654.93838076 0.99965632
84.10000000 654.93838076 0.99965632
84.20000000 654.93838076 0.99965632
84.30000000 654.93838076 0.99965632
84.40000000 654.93838076 0.99965632
84.50000000 654.93838076 0.99965632
84.60000000 654.93838076 0.99965632
84.70000000 654.93838076 0.99965632
84.80000000 654.93838076 0.99965632
84.90000000 654.93838076 0.99965632
85.00000000 654.93838076 0.99965632
85.10000000 654.93838076 0.99965632
85.20000000 654.93838076 0.99965632
85.30000000 654.93838076 0.99965632
85.40000000 654.93838076 0.99965632
85.50000000 655.02995164 0.99979609
85.60000000 655.02995164 0.99979609
85.70000000 655.02995164 0.99979609
85.80000000 655.02995164 0.99979609
85.90000000 655.02995164 0.99979609
86.00000000 655.02995164 0.99979609
86.10000000 655.02995164 0.99979609
86.20000000 655.02995164 0.99979609
86.30000000 655.02995164 0.99979609
86.40000000 655.02995164 0.99979609
86.50000000 655.02995164 0.99979609
86.60000000 655.02995164 0.99979609
86.70000000 655.02995164 0.99979609
86.80000000 655.02995164 0.99979609
86.90000000 655.02995164 0.99979609
87.00000000 655.02995164 0.99979609
87.10000000 655.02995164 0.99979609
87.20000000 655.02995164 0.99979609
87.30000000 655.02995164 0.99979609
87.40000000 655.02995164 0.99979609
87.50000000 655.02995164 0.99979609
87.60000000 655.02995164 0.99979609
87.70000000 655.08725332 0.99988355
87.80000000 655.08725332 0.99988355
87.90000000 655.08809836 0.99988484
88.00000000 655.08809836 0.99988484
88.10000000 655.08809836 0.99988484
88.20000000 655.08809836 0.99988484
88.30000000 655.08809836 0.99988484
88.40000000 655.08809836 0.99988484
88.50000000 655.08809836 0.99988484
88.60000000 655.08809836 0.99988484
88.70000000 655.08809836 0.99988484
88.80000000 655.08809836 0.99988484
88.90000000 655.08809836 0.99988484
89.00000000 655.08809836 0.99988484
89.10000000 655.08809836 0.99988484
89.20000000 655.08809836 0.99988484
89.30000000 655.08809836 0.99988484
89.40000000 655.08809836 0.99988484
89.50000000 655.08809836 0.99988484
89.60000000 655.08809836 0.99988484
89.70000000 655.16354732 1.00000000
89.80000000 655.16354732 1.00000000
89.90000000 655.16354732 1.00000000
90.00000000 655.16354732 1.00000000
