# Theta (deg), Enclosed Intensity, Normalized Enclosed Intensity
0.00000000 0.00000000 0.00000000
0.10000000 0.00000000 0.00000000
0.20000000 0.00000000 0.00000000
0.30000000 11.58779556 0.01689858
0.40000000 11.58779556 0.01689858
0.50000000 11.58779556 0.01689858
0.60000000 11.58779556 0.01689858
0.70000000 11.58779556 0.01689858
0.80000000 15.53561908 0.02265572
0.90000000 15.53561908 0.02265572
1.00000000 15.53561908 0.02265572
1.10000000 15.53561908 0.02265572
1.20000000 21.10701780 0.03078054
1.30000000 21.10701780 0.03078054
1.40000000 21.10701780 0.03078054
1.50000000 21.10701780 0.03078054
1.60000000 29.00248908 0.04229457
1.70000000 29.00248908 0.04229457
1.80000000 35.99196412 0.05248738
1.90000000 35.99196412 0.05248738
2.00000000 35.99196412 0.05248738
2.10000000 47.82789292 0.06974781
2.20000000 55.72110796 0.08125856
2.30000000 55.72110796 0.08125856
2.40000000 60.87550860 0.08877526
2.50000000 60.87550860 0.08877526
2.60000000 60.87550860 0.08877526
2.70000000 60.87550860 0.08877526
2.80000000 60.87550860 0.08877526
2.90000000 60.87550860 0.08877526
3.00000000 60.87550860 0.08877526
3.10000000 60.87550860 0.08877526
3.20000000 60.87550860 0.08877526
3.30000000 60.87550860 0.08877526
3.40000000 60.87550860 0.08877526
3.50000000 60.87550860 0.08877526
3.60000000 60.87550860 0.08877526
3.70000000 60.87550860 0.08877526
3.80000000 60.87550860 0.08877526
3.90000000 60.87550860 0.08877526
4.00000000 60.87550860 0.08877526
4.10000000 60.87550860 0.08877526
4.20000000 60.87550860 0.08877526
4.30000000 60.87550860 0.08877526
4.40000000 60.87550860 0.08877526
4.50000000 60.87550860 0.08877526
4.60000000 60.87550860 0.08877526
4.70000000 60.87550860 0.08877526
4.80000000 60.87550860 0.08877526
4.90000000 60.87550860 0.08877526
5.00000000 68.52603620 0.09993209
5.10000000 68.52603620 0.09993209
5.20000000 68.52603620 0.09993209
5.30000000 68.52603620 0.09993209
5.40000000 68.52603620 0.09993209
5.50000000 68.52603620 0.09993209
5.60000000 68.52603620 0.09993209
5.70000000 68.52603620 0.09993209
5.80000000 84.00995124 0.12251241
5.90000000 84.00995124 0.12251241
6.00000000 91.90597940 0.13402726
6.10000000 91.90597940 0.13402726
6.20000000 91.90597940 0.13402726
6.30000000 91.90597940 0.13402726
6.40000000 95.80245408 0.13970952
6.50000000 95.80245408 0.13970952
6.60000000 103.69630192 0.15122118
6.70000000 103.69630192 0.15122118
6.80000000 111.58860488 0.16273059
6.90000000 111.58860488 0.16273059
7.00000000 127.32326056 0.18567657
7.10000000 131.26719136 0.19142804
7.20000000 131.26719136 0.19142804
7.30000000 162.76303568 0.23735869
7.40000000 162.76303568 0.23735869
7.50000000 162.76303568 0.23735869
7.60000000 162.76303568 0.23735869
7.70000000 162.76303568 0.23735869
7.80000000 168.67041576 0.24597347
7.90000000 168.67041576 0.24597347
8.00000000 168.67041576 0.24597347
8.10000000 168.67041576 0.24597347
8.20000000 168.67041576 0.24597347
8.30000000 168.67041576 0.24597347
8.40000000 168.67041576 0.24597347
8.50000000 168.67041576 0.24597347
8.60000000 168.67041576 0.24597347
8.70000000 168.67041576 0.24597347
8.80000000 168.67041576 0.24597347
8.90000000 168.67041576 0.24597347
9.00000000 168.67041576 0.24597347
9.10000000 168.67041576 0.24597347
9.20000000 168.67041576 0.24597347
9.30000000 168.67041576 0.24597347
9.40000000 175.16969608 0.25545143
9.50000000 175.16969608 0.25545143
9.60000000 175.16969608 0.25545143
9.70000000 175.16969608 0.25545143
9.80000000 175.16969608 0.25545143
9.90000000 175.16969608 0.25545143
10.00000000 175.16969608 0.25545143
10.10000000 175.16969608 0.25545143
10.20000000 175.16969608 0.25545143
10.30000000 175.16969608 0.25545143
10.40000000 175.16969608 0.25545143
10.50000000 175.16969608 0.25545143
10.60000000 175.16969608 0.25545143
10.70000000 175.16969608 0.25545143
10.80000000 175.16969608 0.25545143
10.90000000 175.16969608 0.25545143
11.00000000 175.16969608 0.25545143
11.10000000 175.16969608 0.25545143
11.20000000 175.16969608 0.25545143
11.30000000 175.16969608 0.25545143
11.40000000 175.16969608 0.25545143
11.50000000 175.16969608 0.25545143
11.60000000 175.16969608 0.25545143
11.70000000 189.39234664 0.27619244
11.80000000 189.39234664 0.27619244
11.90000000 189.39234664 0.27619244
12.00000000 189.39234664 0.27619244
12.10000000 189.39234664 0.27619244
12.20000000 189.39234664 0.27619244
12.30000000 189.39234664 0.27619244
12.40000000 196.67390632 0.28681120
12.50000000 196.67390632 0.28681120
12.60000000 196.67390632 0.28681120
12.70000000 196.67390632 0.28681120
12.80000000 196.67390632 0.28681120
12.90000000 196.67390632 0.28681120
13.00000000 196.67390632 0.28681120
13.10000000 196.67390632 0.28681120
13.20000000 196.67390632 0.28681120
13.30000000 196.67390632 0.28681120
13.40000000 196.67390632 0.28681120
13.50000000 204.17108952 0.29774440
13.60000000 204.17108952 0.29774440
13.70000000 204.17108952 0.29774440
13.80000000 204.17108952 0.29774440
13.90000000 204.17108952 0.29774440
14.00000000 215.52297012 0.31429894
14.10000000 215.52297012 0.31429894
14.20000000 217.73875636 0.31753024
14.30000000 217.73875636 0.31753024
14.40000000 217.73875636 0.31753024
14.50000000 217.73875636 0.31753024
14.60000000 217.73875636 0.31753024
14.70000000 225.60752260 0.32900533
14.80000000 241.17408300 0.35170618
14.90000000 248.90667116 0.36298267
15.00000000 268.44564524 0.39147652
15.10000000 299.68388124 0.43703150
15.20000000 307.49301292 0.44841962
15.30000000 307.49301292 0.44841962
15.40000000 307.49301292 0.44841962
15.50000000 307.49301292 0.44841962
15.60000000 307.49301292 0.44841962
15.70000000 307.49301292 0.44841962
15.80000000 307.49301292 0.44841962
15.90000000 307.49301292 0.44841962
16.00000000 307.49301292 0.44841962
16.10000000 307.49301292 0.44841962
16.20000000 307.49301292 0.44841962
16.30000000 307.49301292 0.44841962
16.40000000 307.49301292 0.44841962
16.50000000 307.49301292 0.44841962
16.60000000 307.49301292 0.44841962
16.70000000 307.49301292 0.44841962
16.80000000 307.49301292 0.44841962
16.90000000 307.49301292 0.44841962
17.00000000 307.49301292 0.44841962
17.10000000 307.49301292 0.44841962
17.20000000 307.49301292 0.44841962
17.30000000 307.49301292 0.44841962
17.40000000 307.49301292 0.44841962
17.50000000 307.49301292 0.44841962
17.60000000 307.49301292 0.44841962
17.70000000 307.49301292 0.44841962
17.80000000 307.49301292 0.44841962
17.90000000 307.49301292 0.44841962
18.00000000 307.49301292 0.44841962
18.10000000 307.49301292 0.44841962
18.20000000 307.49301292 0.44841962
18.30000000 307.49301292 0.44841962
18.40000000 307.49301292 0.44841962
18.50000000 307.49301292 0.44841962
18.60000000 307.49301292 0.44841962
18.70000000 307.49301292 0.44841962
18.80000000 307.49301292 0.44841962
18.90000000 307.49301292 0.44841962
19.00000000 307.49301292 0.44841962
19.10000000 307.49301292 0.44841962
19.20000000 307.49301292 0.44841962
19.30000000 307.49301292 0.44841962
19.40000000 307.49301292 0.44841962
19.50000000 307.49301292 0.44841962
19.60000000 307.49301292 0.44841962
19.70000000 307.49301292 0.44841962
19.80000000 307.49301292 0.44841962
19.90000000 307.49301292 0.44841962
20.00000000 307.49301292 0.44841962
20.10000000 307.49301292 0.44841962
20.20000000 307.49301292 0.44841962
20.30000000 307.49301292 0.44841962
20.40000000 307.49301292 0.44841962
20.50000000 307.49301292 0.44841962
20.60000000 307.49301292 0.44841962
20.70000000 307.49301292 0.44841962
20.80000000 307.49301292 0.44841962
20.90000000 307.49301292 0.44841962
21.00000000 307.49301292 0.44841962
21.10000000 307.49301292 0.44841962
21.20000000 307.49301292 0.44841962
21.30000000 307.49301292 0.44841962
21.40000000 307.49301292 0.44841962
21.50000000 307.49301292 0.44841962
21.60000000 307.49301292 0.44841962
21.70000000 307.49301292 0.44841962
21.80000000 307.49301292 0.44841962
21.90000000 307.49301292 0.44841962
22.00000000 307.49301292 0.44841962
22.10000000 307.49301292 0.44841962
22.20000000 307.49301292 0.44841962
22.30000000 312.21744452 0.45530930
22.40000000 312.21744452 0.45530930
22.50000000 312.21744452 0.45530930
22.60000000 312.21744452 0.45530930
22.70000000 312.21744452 0.45530930
22.80000000 312.21744452 0.45530930
22.90000000 312.21744452 0.45530930
23.00000000 312.21744452 0.45530930
23.10000000 312.21744452 0.45530930
23.20000000 312.21744452 0.45530930
23.30000000 312.21744452 0.45530930
23.40000000 312.21744452 0.45530930
23.50000000 312.21744452 0.45530930
23.60000000 320.22761876 0.46699061
23.70000000 320.22761876 0.46699061
23.80000000 320.22761876 0.46699061
23.90000000 320.22761876 0.46699061
24.00000000 320.22761876 0.46699061
24.10000000 320.22761876 0.46699061
24.20000000 320.22761876 0.46699061
24.30000000 320.22761876 0.46699061
24.40000000 320.22761876 0.46699061
24.50000000 320.22761876 0.46699061
24.60000000 320.22761876 0.46699061
24.70000000 320.22761876 0.46699061
24.80000000 320.22761876 0.46699061
24.90000000 320.22761876 0.46699061
25.00000000 320.22761876 0.46699061
25.10000000 320.22761876 0.46699061
25.20000000 320.22761876 0.46699061
25.30000000 320.22761876 0.46699061
25.40000000 326.39005932 0.47597734
25.50000000 326.39005932 0.47597734
25.60000000 326.39005932 0.47597734
25.70000000 326.39005932 0.47597734
25.80000000 326.39005932 0.47597734
25.90000000 326.39005932 0.47597734
26.00000000 332.83372092 0.48537419
26.10000000 332.83372092 0.48537419
26.20000000 332.83372092 0.48537419
26.30000000 332.83372092 0.48537419
26.40000000 332.83372092 0.48537419
26.50000000 332.83372092 0.48537419
26.60000000 332.83372092 0.48537419
26.70000000 332.83372092 0.48537419
26.80000000 332.83372092 0.48537419
26.90000000 339.68371388 0.49536359
27.00000000 339.68371388 0.49536359
27.10000000 339.68371388 0.49536359
27.20000000 339.68371388 0.49536359
27.30000000 353.68170796 0.51577698
27.40000000 353.68170796 0.51577698
27.50000000 360.80414348 0.52616369
27.60000000 360.80414348 0.52616369
27.70000000 368.02980916 0.53670094
27.80000000 368.02980916 0.53670094
27.90000000 368.02980916 0.53670094
28.00000000 383.40494484 0.55912263
28.10000000 417.47760480 0.60881107
28.20000000 425.07019880 0.61988341
28.30000000 425.07019880 0.61988341
28.40000000 425.07019880 0.61988341
28.50000000 425.07019880 0.61988341
28.60000000 425.07019880 0.61988341
28.70000000 425.07019880 0.61988341
28.80000000 425.07019880 0.61988341
28.90000000 425.07019880 0.61988341
29.00000000 425.07019880 0.61988341
29.10000000 425.07019880 0.61988341
29.20000000 425.07019880 0.61988341
29.30000000 425.07019880 0.61988341
29.40000000 425.07019880 0.61988341
29.50000000 425.07019880 0.61988341
29.60000000 425.07019880 0.61988341
29.70000000 425.07019880 0.61988341
29.80000000 425.07019880 0.61988341
29.90000000 425.07019880 0.61988341
30.00000000 425.07019880 0.61988341
30.10000000 425.07019880 0.61988341
30.20000000 425.07019880 0.61988341
30.30000000 425.07019880 0.61988341
30.40000000 425.07019880 0.61988341
30.50000000 425.07019880 0.61988341
30.60000000 425.07019880 0.61988341
30.70000000 425.07019880 0.61988341
30.80000000 425.07019880 0.61988341
30.90000000 425.07019880 0.61988341
31.00000000 425.07019880 0.61988341
31.10000000 425.07019880 0.61988341
31.20000000 425.07019880 0.61988341
31.30000000 425.07019880 0.61988341
31.40000000 425.07019880 0.61988341
31.50000000 425.07019880 0.61988341
31.60000000 425.07019880 0.61988341
31.70000000 425.07019880 0.61988341
31.80000000 425.07019880 0.61988341
31.90000000 425.14210848 0.61998828
32.00000000 425.14210848 0.61998828
32.10000000 425.21610036 0.62009618
32.20000000 425.29585964 0.62021250
32.30000000 425.29585964 0.62021250
32.40000000 425.29585964 0.62021250
32.50000000 425.29585964 0.62021250
32.60000000 425.29585964 0.62021250
32.70000000 425.29585964 0.62021250
32.80000000 425.29585964 0.62021250
32.90000000 425.29585964 0.62021250
33.00000000 425.29585964 0.62021250
33.10000000 425.29585964 0.62021250
33.20000000 425.29585964 0.62021250
33.30000000 425.32044212 0.62024835
33.40000000 425.32044212 0.62024835
33.50000000 425.32044212 0.62024835
33.60000000 425.32044212 0.62024835
33.70000000 425.32044212 0.62024835
33.80000000 425.32044212 0.62024835
33.90000000 425.32044212 0.62024835
34.00000000 425.32044212 0.62024835
34.10000000 425.33830356 0.62027439
34.20000000 425.33830356 0.62027439
34.30000000 425.33830356 0.62027439
34.40000000 425.33830356 0.62027439
34.50000000 425.33830356 0.62027439
34.60000000 425.33830356 0.62027439
34.70000000 425.33830356 0.62027439
34.80000000 425.33830356 0.62027439
34.90000000 425.33830356 0.62027439
35.00000000 425.33830356 0.62027439
35.10000000 425.33830356 0.62027439
35.20000000 425.67527060 0.62076579
35.30000000 425.67527060 0.62076579
35.40000000 425.67527060 0.62076579
35.50000000 425.67527060 0.62076579
35.60000000 425.67527060 0.62076579
35.70000000 425.67527060 0.62076579
35.80000000 425.67527060 0.62076579
35.90000000 425.67527060 0.62076579
36.00000000 425.68519076 0.62078026
36.10000000 425.68519076 0.62078026
36.20000000 425.68519076 0.62078026
36.30000000 425.68519076 0.62078026
36.40000000 425.68519076 0.62078026
36.50000000 425.68519076 0.62078026
36.60000000 425.68519076 0.62078026
36.70000000 425.68519076 0.62078026
36.80000000 425.68519076 0.62078026
36.90000000 425.68519076 0.62078026
37.00000000 425.70031124 0.62080231
37.10000000 425.75249708 0.62087841
37.20000000 425.75249708 0.62087841
37.30000000 425.75249708 0.62087841
37.40000000 425.75249708 0.62087841
37.50000000 425.75249708 0.62087841
37.60000000 425.75249708 0.62087841
37.70000000 425.75249708 0.62087841
37.80000000 425.75249708 0.62087841
37.90000000 425.75249708 0.62087841
38.00000000 425.75249708 0.62087841
38.10000000 425.75833516 0.62088693
38.20000000 425.75833516 0.62088693
38.30000000 425.78493948 0.62092573
38.40000000 425.78493948 0.62092573
38.50000000 425.78493948 0.62092573
38.60000000 425.78493948 0.62092573
38.70000000 425.78493948 0.62092573
38.80000000 425.78493948 0.62092573
38.90000000 425.78493948 0.62092573
39.00000000 425.78493948 0.62092573
39.10000000 425.78493948 0.62092573
39.20000000 426.07003084 0.62134148
39.30000000 426.08772580 0.62136728
39.40000000 426.08772580 0.62136728
39.50000000 426.09384332 0.62137620
39.60000000 426.09384332 0.62137620
39.70000000 426.09384332 0.62137620
39.80000000 426.09384332 0.62137620
39.90000000 426.09384332 0.62137620
40.00000000 426.09384332 0.62137620
40.10000000 426.09384332 0.62137620
40.20000000 426.09384332 0.62137620
40.30000000 426.09384332 0.62137620
40.40000000 426.09384332 0.62137620
40.50000000 426.09384332 0.62137620
40.60000000 426.09384332 0.62137620
40.70000000 426.09384332 0.62137620
40.80000000 426.09384332 0.62137620
40.90000000 426.09384332 0.62137620
41.00000000 426.09384332 0.62137620
41.10000000 426.09384332 0.62137620
41.20000000 426.09384332 0.62137620
41.30000000 426.09384332 0.62137620
41.40000000 426.09384332 0.62137620
41.50000000 426.09384332 0.62137620
41.60000000 426.88906716 0.62253588
41.70000000 426.88906716 0.62253588
41.80000000 426.88906716 0.62253588
41.90000000 426.88906716 0.62253588
42.00000000 426.88906716 0.62253588
42.10000000 426.89717948 0.62254771
42.20000000 426.89717948 0.62254771
42.30000000 426.89717948 0.62254771
42.40000000 426.89717948 0.62254771
42.50000000 426.89717948 0.62254771
42.60000000 426.89717948 0.62254771
42.70000000 426.89717948 0.62254771
42.80000000 426.89717948 0.62254771
42.90000000 426.89950020 0.62255110
43.00000000 426.89950020 0.62255110
43.10000000 426.89950020 0.62255110
43.20000000 426.90639852 0.62256116
43.30000000 426.90639852 0.62256116
43.40000000 426.90639852 0.62256116
43.50000000 426.90639852 0.62256116
43.60000000 426.90639852 0.62256116
43.70000000 426.90639852 0.62256116
43.80000000 426.90885788 0.62256475
43.90000000 426.90885788 0.62256475
44.00000000 426.90885788 0.62256475
44.10000000 426.91074532 0.62256750
44.20000000 426.91074532 0.62256750
44.30000000 426.91074532 0.62256750
44.40000000 426.91074532 0.62256750
44.50000000 426.91074532 0.62256750
44.60000000 426.91074532 0.62256750
44.70000000 426.91074532 0.62256750
44.80000000 426.91074532 0.62256750
44.90000000 426.91074532 0.62256750
45.00000000 426.91074532 0.62256750
45.10000000 426.91074532 0.62256750
45.20000000 426.91074532 0.62256750
45.30000000 426.91074532 0.62256750
45.40000000 426.91074532 0.62256750
45.50000000 426.91074532 0.62256750
45.60000000 426.91074532 0.62256750
45.70000000 426.91074532 0.62256750
45.80000000 426.91074532 0.62256750
45.90000000 426.91074532 0.62256750
46.00000000 426.91074532 0.62256750
46.10000000 426.91074532 0.62256750
46.20000000 426.91074532 0.62256750
46.30000000 426.91074532 0.62256750
46.40000000 426.91074532 0.62256750
46.50000000 426.91074532 0.62256750
46.60000000 426.91074532 0.62256750
46.70000000 426.91202492 0.62256936
46.80000000 426.91202492 0.62256936
46.90000000 426.91202492 0.62256936
47.00000000 426.91202492 0.62256936
47.10000000 426.91202492 0.62256936
47.20000000 426.91202492 0.62256936
47.30000000 426.91304860 0.62257086
47.40000000 426.91304860 0.62257086
47.50000000 426.91304860 0.62257086
47.60000000 426.91304860 0.62257086
47.70000000 426.91304860 0.62257086
47.80000000 426.91304860 0.62257086
47.90000000 426.91304860 0.62257086
48.00000000 426.91411428 0.62257241
48.10000000 426.91411428 0.62257241
48.20000000 426.91411428 0.62257241
48.30000000 426.91411428 0.62257241
48.40000000 426.91411428 0.62257241
48.50000000 426.91411428 0.62257241
48.60000000 426.91411428 0.62257241
48.70000000 426.91411428 0.62257241
48.80000000 426.91411428 0.62257241
48.90000000 426.91411428 0.62257241
49.00000000 426.91411428 0.62257241
49.10000000 426.91411428 0.62257241
49.20000000 426.91411428 0.62257241
49.30000000 426.91411428 0.62257241
49.40000000 426.91545516 0.62257437
49.50000000 426.91545516 0.62257437
49.60000000 426.91545516 0.62257437
49.70000000 426.91545516 0.62257437
49.80000000 426.91545516 0.62257437
49.90000000 426.91545516 0.62257437
50.00000000 426.91545516 0.62257437
50.10000000 426.91545516 0.62257437
50.20000000 426.91545516 0.62257437
50.30000000 426.91545516 0.62257437
50.40000000 426.91545516 0.62257437
50.50000000 426.91545516 0.62257437
50.60000000 426.91545516 0.62257437
50.70000000 426.91545516 0.62257437
50.80000000 426.91545516 0.62257437
50.90000000 426.91545516 0.62257437
51.00000000 426.91545516 0.62257437
51.10000000 426.91545516 0.62257437
51.20000000 426.91545516 0.62257437
51.30000000 426.91545516 0.62257437
51.40000000 426.91545516 0.62257437
51.50000000 426.91545516 0.62257437
51.60000000 426.91545516 0.62257437
51.70000000 426.91545516 0.62257437
51.80000000 426.91545516 0.62257437
51.90000000 426.91545516 0.62257437
52.00000000 426.91545516 0.62257437
52.10000000 426.91545516 0.62257437
52.20000000 426.91545516 0.62257437
52.30000000 426.91545516 0.62257437
52.40000000 426.91545516 0.62257437
52.50000000 426.91545516 0.62257437
52.60000000 426.91545516 0.62257437
52.70000000 426.91545516 0.62257437
52.80000000 426.91545516 0.62257437
52.90000000 426.91545516 0.62257437
53.00000000 426.91545516 0.62257437
53.10000000 426.91545516 0.62257437
53.20000000 426.91545516 0.62257437
53.30000000 426.91545516 0.62257437
53.40000000 426.91545516 0.62257437
53.50000000 426.91545516 0.62257437
53.60000000 426.91545516 0.62257437
53.70000000 434.91544236 0.63424081
53.80000000 434.91544236 0.63424081
53.90000000 434.95056828 0.63429204
54.00000000 434.95056828 0.63429204
54.10000000 434.95056828 0.63429204
54.20000000 442.95055468 0.64595849
54.30000000 442.95055468 0.64595849
54.40000000 442.95055468 0.64595849
54.50000000 442.95055468 0.64595849
54.60000000 442.95055468 0.64595849
54.70000000 442.95055468 0.64595849
54.80000000 442.95055468 0.64595849
54.90000000 442.95055468 0.64595849
55.00000000 442.95055468 0.64595849
55.10000000 442.95055468 0.64595849
55.20000000 466.95050860 0.68095782
55.30000000 466.95050860 0.68095782
55.40000000 466.95050860 0.68095782
55.50000000 466.95050860 0.68095782
55.60000000 466.95050860 0.68095782
55.70000000 466.95050860 0.68095782
55.80000000 466.95050860 0.68095782
55.90000000 466.95050860 0.68095782
56.00000000 466.95050860 0.68095782
56.10000000 466.95050860 0.68095782
56.20000000 474.95049116 0.69262426
56.30000000 474.95049116 0.69262426
56.40000000 474.95049116 0.69262426
56.50000000 474.95049116 0.69262426
56.60000000 474.95049116 0.69262426
56.70000000 482.95047252 0.70429070
56.80000000 482.95047252 0.70429070
56.90000000 482.95047252 0.70429070
57.00000000 482.95047252 0.70429070
57.10000000 482.95047252 0.70429070
57.20000000 482.95047252 0.70429070
57.30000000 482.95047252 0.70429070
57.40000000 482.95047252 0.70429070
57.50000000 482.95047252 0.70429070
57.60000000 482.95047252 0.70429070
57.70000000 482.95047252 0.70429070
57.80000000 482.95047252 0.70429070
57.90000000 482.95047252 0.70429070
58.00000000 482.95047252 0.70429070
58.10000000 482.95047252 0.70429070
58.20000000 482.95047252 0.70429070
58.30000000 490.96623404 0.71598015
58.40000000 490.96623404 0.71598015
58.50000000 490.96623404 0.71598015
58.60000000 490.96623404 0.71598015
58.70000000 490.96623404 0.71598015
58.80000000 498.96620932 0.72764658
58.90000000 498.96620932 0.72764658
59.00000000 498.96620932 0.72764658
59.10000000 498.96620932 0.72764658
59.20000000 498.96620932 0.72764658
59.30000000 498.96620932 0.72764658
59.40000000 498.96620932 0.72764658
59.50000000 498.96620932 0.72764658
59.60000000 498.96620932 0.72764658
59.70000000 498.96620932 0.72764658
59.80000000 498.96620932 0.72764658
59.90000000 502.96619488 0.73347979
60.00000000 502.96619488 0.73347979
60.10000000 502.96619488 0.73347979
60.20000000 502.96619488 0.73347979
60.30000000 502.96619488 0.73347979
60.40000000 502.96619488 0.73347979
60.50000000 518.96613216 0.75681264
60.60000000 518.96613216 0.75681264
60.70000000 518.96613216 0.75681264
60.80000000 518.96613216 0.75681264
60.90000000 518.96613216 0.75681264
61.00000000 526.96609808 0.76847905
61.10000000 526.96609808 0.76847905
61.20000000 526.96609808 0.76847905
61.30000000 526.96609808 0.76847905
61.40000000 526.96609808 0.76847905
61.50000000 526.96609808 0.76847905
61.60000000 534.96606088 0.78014546
61.70000000 534.96606088 0.78014546
61.80000000 534.96606088 0.78014546
61.90000000 534.96606088 0.78014546
62.00000000 534.96606088 0.78014546
62.10000000 534.96606088 0.78014546
62.20000000 550.96597960 0.80347828
62.30000000 550.96597960 0.80347828
62.40000000 550.96597960 0.80347828
62.50000000 550.96597960 0.80347828
62.60000000 550.96597960 0.80347828
62.70000000 550.96597960 0.80347828
62.80000000 550.96597960 0.80347828
62.90000000 550.96597960 0.80347828
63.00000000 550.96597960 0.80347828
63.10000000 550.96597960 0.80347828
63.20000000 550.96597960 0.80347828
63.30000000 550.96597960 0.80347828
63.40000000 550.96597960 0.80347828
63.50000000 550.96597960 0.80347828
63.60000000 550.96597960 0.80347828
63.70000000 550.96597960 0.80347828
63.80000000 553.39918536 0.80702664
63.90000000 561.39913104 0.81869303
64.00000000 561.39913104 0.81869303
64.10000000 561.39913104 0.81869303
64.20000000 561.39913104 0.81869303
64.30000000 561.39913104 0.81869303
64.40000000 561.39913104 0.81869303
64.50000000 561.39913104 0.81869303
64.60000000 561.39913104 0.81869303
64.70000000 561.39913104 0.81869303
64.80000000 561.39913104 0.81869303
64.90000000 561.39913104 0.81869303
65.00000000 561.39913104 0.81869303
65.10000000 561.39913104 0.81869303
65.20000000 569.39906384 0.83035940
65.30000000 569.39906384 0.83035940
65.40000000 569.39906384 0.83035940
65.50000000 569.39906384 0.83035940
65.60000000 569.40799968 0.83037243
65.70000000 569.40799968 0.83037243
65.80000000 577.40792440 0.84203879
65.90000000 577.40792440 0.84203879
66.00000000 577.40792440 0.84203879
66.10000000 577.40792440 0.84203879
66.20000000 577.40792440 0.84203879
66.30000000 577.40792440 0.84203879
66.40000000 585.40783968 0.85370513
66.50000000 585.40783968 0.85370513
66.60000000 585.40783968 0.85370513
66.70000000 585.40783968 0.85370513
66.80000000 585.40783968 0.85370513
66.90000000 585.40783968 0.85370513
67.00000000 585.40783968 0.85370513
67.10000000 593.40774376 0.86537146
67.20000000 593.40774376 0.86537146
67.30000000 593.40774376 0.86537146
67.40000000 593.40774376 0.86537146
67.50000000 593.40774376 0.86537146
67.60000000 593.40774376 0.86537146
67.70000000 593.40774376 0.86537146
67.80000000 593.40774376 0.86537146
67.90000000 593.40774376 0.86537146
68.00000000 593.40774376 0.86537146
68.10000000 593.40774376 0.86537146
68.20000000 593.40774376 0.86537146
68.30000000 593.40774376 0.86537146
68.40000000 593.40774376 0.86537146
68.50000000 593.40774376 0.86537146
68.60000000 593.40774376 0.86537146
68.70000000 593.41039256 0.86537532
68.80000000 593.41039256 0.86537532
68.90000000 593.41039256 0.86537532
69.00000000 593.41039256 0.86537532
69.10000000 593.41039256 0.86537532
69.20000000 601.41024760 0.87704158
69.30000000 601.41024760 0.87704158
69.40000000 601.41024760 0.87704158
69.50000000 601.41024760 0.87704158
69.60000000 601.41024760 0.87704158
69.70000000 601.41024760 0.87704158
69.80000000 601.41024760 0.87704158
69.90000000 625.40974000 0.91204024
70.00000000 625.40974000 0.91204024
70.10000000 625.40974000 0.91204024
70.20000000 625.40974000 0.91204024
70.30000000 625.40974000 0.91204024
70.40000000 625.40974000 0.91204024
70.50000000 625.40974000 0.91204024
70.60000000 625.40974000 0.91204024
70.70000000 625.40974000 0.91204024
70.80000000 625.40974000 0.91204024
70.90000000 625.40974000 0.91204024
71.00000000 625.40974000 0.91204024
71.10000000 625.40974000 0.91204024
71.20000000 625.40974000 0.91204024
71.30000000 625.40974000 0.91204024
71.40000000 633.40950184 0.92370636
71.50000000 633.40950184 0.92370636
71.60000000 633.40950184 0.92370636
71.70000000 633.40950184 0.92370636
71.80000000 633.40950184 0.92370636
71.90000000 633.40950184 0.92370636
72.00000000 633.40950184 0.92370636
72.10000000 633.40950184 0.92370636
72.20000000 633.40950184 0.92370636
72.30000000 633.40950184 0.92370636
72.40000000 633.40950184 0.92370636
72.50000000 633.40950184 0.92370636
72.60000000 633.40950184 0.92370636
72.70000000 633.40950184 0.92370636
72.80000000 633.40950184 0.92370636
72.90000000 633.40950184 0.92370636
73.00000000 633.40950184 0.92370636
73.10000000 637.40932440 0.92953933
73.20000000 637.40932440 0.92953933
73.30000000 637.40932440 0.92953933
73.40000000 637.40932440 0.92953933
73.50000000 637.40932440 0.92953933
73.60000000 637.40932440 0.92953933
73.70000000 637.40932440 0.92953933
73.80000000 637.40932440 0.92953933
73.90000000 653.40843256 0.95287096
74.00000000 653.40843256 0.95287096
74.10000000 653.40843256 0.95287096
74.20000000 653.40843256 0.95287096
74.30000000 653.40843256 0.95287096
74.40000000 653.40843256 0.95287096
74.50000000 653.40950552 0.95287253
74.60000000 653.40950552 0.95287253
74.70000000 653.40950552 0.95287253
74.80000000 653.40950552 0.95287253
74.90000000 661.40893088 0.96453816
75.00000000 661.40893088 0.96453816
75.10000000 661.40893088 0.96453816
75.20000000 661.40893088 0.96453816
75.30000000 661.40893088 0.96453816
75.40000000 661.40893088 0.96453816
75.50000000 661.40893088 0.96453816
75.60000000 661.40893088 0.96453816
75.70000000 661.40893088 0.96453816
75.80000000 661.40893088 0.96453816
75.90000000 661.40893088 0.96453816
76.00000000 661.40893088 0.96453816
76.10000000 661.40893088 0.96453816
76.20000000 661.40893088 0.96453816
76.30000000 661.40893088 0.96453816
76.40000000 661.40893088 0.96453816
76.50000000 661.40893088 0.96453816
76.60000000 661.53069720 0.96471573
76.70000000 661.53069720 0.96471573
76.80000000 661.53069720 0.96471573
76.90000000 669.52963664 0.97638065
77.00000000 669.52963664 0.97638065
77.10000000 669.52963664 0.97638065
77.20000000 669.52963664 0.97638065
77.30000000 669.52963664 0.97638065
77.40000000 669.52963664 0.97638065
77.50000000 669.52963664 0.97638065
77.60000000 669.52963664 0.97638065
77.70000000 669.52963664 0.97638065
77.80000000 669.52963664 0.97638065
77.90000000 669.52963664 0.97638065
78.00000000 677.52807832 0.98804484
78.10000000 677.52807832 0.98804484
78.20000000 677.52807832 0.98804484
78.30000000 677.52807832 0.98804484
78.40000000 677.52807832 0.98804484
78.50000000 677.52807832 0.98804484
78.60000000 677.52807832 0.98804484
78.70000000 677.52807832 0.98804484
78.80000000 677.52807832 0.98804484
78.90000000 677.52807832 0.98804484
79.00000000 677.52807832 0.98804484
79.10000000 677.52807832 0.98804484
79.20000000 677.52807832 0.98804484
79.30000000 677.52807832 0.98804484
79.40000000 677.63892508 0.98820649
79.50000000 677.63892508 0.98820649
79.60000000 677.65351340 0.98822777
79.70000000 677.65351340 0.98822777
79.80000000 677.65351340 0.98822777
79.90000000 677.65351340 0.98822777
80.00000000 677.65351340 0.98822777
80.10000000 677.65351340 0.98822777
80.20000000 677.65351340 0.98822777
80.30000000 677.65351340 0.98822777
80.40000000 677.65351340 0.98822777
80.50000000 677.65351340 0.98822777
80.60000000 677.65351340 0.98822777
80.70000000 677.65351340 0.98822777
80.80000000 677.65351340 0.98822777
80.90000000 677.65351340 0.98822777
81.00000000 677.65351340 0.98822777
81.10000000 677.65351340 0.98822777
81.20000000 677.65351340 0.98822777
81.30000000 677.65351340 0.98822777
81.40000000 677.65351340 0.98822777
81.50000000 677.65351340 0.98822777
81.60000000 677.65351340 0.98822777
81.70000000 677.65351340 0.98822777
81.80000000 677.65351340 0.98822777
81.90000000 677.65351340 0.98822777
82.00000000 677.65351340 0.98822777
82.10000000 677.65351340 0.98822777
82.20000000 677.65351340 0.98822777
82.30000000 677.65351340 0.98822777
82.40000000 677.65351340 0.98822777
82.50000000 677.65351340 0.98822777
82.60000000 677.65351340 0.98822777
82.70000000 677.65351340 0.98822777
82.80000000 677.65351340 0.98822777
82.90000000 677.65351340 0.98822777
83.00000000 677.65351340 0.98822777
83.10000000 677.65351340 0.98822777
83.20000000 677.65351340 0.98822777
83.30000000 677.65351340 0.98822777
83.40000000 677.65351340 0.98822777
83.50000000 677.65351340 0.98822777
83.60000000 677.65351340 0.98822777
83.70000000 677.65351340 0.98822777
83.80000000 677.65351340 0.98822777
83.90000000 677.65351340 0.98822777
84.00000000 677.65351340 0.98822777
84.10000000 677.68542604 0.98827430
84.20000000 677.68542604 0.98827430
84.30000000 685.63994068 0.99987444
84.40000000 685.63994068 0.99987444
84.50000000 685.63994068 0.99987444
84.60000000 685.63994068 0.99987444
84.70000000 685.63994068 0.99987444
84.80000000 685.69118516 0.99994917
84.90000000 685.69118516 0.99994917
85.00000000 685.69118516 0.99994917
85.10000000 685.69118516 0.99994917
85.20000000 685.69118516 0.99994917
85.30000000 685.69118516 0.99994917
85.40000000 685.69118516 0.99994917
85.50000000 685.69118516 0.99994917
85.60000000 685.69118516 0.99994917
85.70000000 685.69118516 0.99994917
85.80000000 685.69118516 0.99994917
85.90000000 685.69118516 0.99994917
86.00000000 685.69118516 0.99994917
86.10000000 685.69118516 0.99994917
86.20000000 685.71445524 0.99998310
86.30000000 685.71445524 0.99998310
86.40000000 685.71445524 0.99998310
86.50000000 685.71445524 0.99998310
86.60000000 685.71445524 0.99998310
86.70000000 685.71445524 0.99998310
86.80000000 685.71445524 0.99998310
86.90000000 685.71445524 0.99998310
87.00000000 685.71445524 0.99998310
87.10000000 685.71445524 0.99998310
87.20000000 685.71445524 0.99998310
87.30000000 685.71445524 0.99998310
87.40000000 685.71445524 0.99998310
87.50000000 685.71445524 0.99998310
87.60000000 685.71445524 0.99998310
87.70000000 685.71445524 0.99998310
87.80000000 685.71445524 0.99998310
87.90000000 685.71445524 0.99998310
88.00000000 685.71445524 0.99998310
88.10000000 685.71445524 0.99998310
88.20000000 685.71445524 0.99998310
88.30000000 685.71445524 0.99998310
88.40000000 685.71445524 0.99998310
88.50000000 685.71445524 0.99998310
88.60000000 685.71445524 0.99998310
88.70000000 685.71445524 0.99998310
88.80000000 685.71445524 0.99998310
88.90000000 685.71445524 0.99998310
89.00000000 685.71445524 0.99998310
89.10000000 685.71445524 0.99998310
89.20000000 685.71445524 0.99998310
89.30000000 685.71445524 0.99998310
89.40000000 685.71445524 0.99998310
89.50000000 685.71445524 0.99998310
89.60000000 685.71445524 0.99998310
89.70000000 685.71445524 0.99998310
89.80000000 685.71445524 0.99998310
89.90000000 685.72604084 1.00000000
90.00000000 685.72604084 1.00000000
