# Theta (deg), Enclosed Intensity, Normalized Enclosed Intensity
0.00000000 0.00000000 0.00000000
0.10000000 0.00000000 0.00000000
0.20000000 3.97613592 0.00612912
0.30000000 3.97613592 0.00612912
0.40000000 3.97613592 0.00612912
0.50000000 3.97613592 0.00612912
0.60000000 3.97613592 0.00612912
0.70000000 7.84105132 0.01208680
0.80000000 15.79320652 0.02434486
0.90000000 23.73362100 0.03658482
1.00000000 23.73362100 0.03658482
1.10000000 23.73362100 0.03658482
1.20000000 23.73362100 0.03658482
1.30000000 27.15091188 0.04185250
1.40000000 39.07860144 0.06023875
1.50000000 39.07860144 0.06023875
1.60000000 39.07860144 0.06023875
1.70000000 47.01989632 0.07248007
1.80000000 47.01989632 0.07248007
1.90000000 47.01989632 0.07248007
2.00000000 47.01989632 0.07248007
2.10000000 58.94483404 0.09086208
2.20000000 58.94483404 0.09086208
2.30000000 58.94483404 0.09086208
2.40000000 66.87846748 0.10309159
2.50000000 66.89004076 0.10310943
2.60000000 66.89004076 0.10310943
2.70000000 73.00678116 0.11253825
2.80000000 73.00678116 0.11253825
2.90000000 88.01809572 0.13567784
3.00000000 88.01809572 0.13567784
3.10000000 111.79837420 0.17233458
3.20000000 111.81816004 0.17236508
3.30000000 111.81816004 0.17236508
3.40000000 111.81816004 0.17236508
3.50000000 111.85421004 0.17242065
3.60000000 111.85421004 0.17242065
3.70000000 127.66281132 0.19678924
3.80000000 127.66281132 0.19678924
3.90000000 135.40355116 0.20872141
4.00000000 135.40355116 0.20872141
4.10000000 138.21657636 0.21305762
4.20000000 146.16372788 0.22530797
4.30000000 146.16372788 0.22530797
4.40000000 161.99601188 0.24971306
4.50000000 161.99601188 0.24971306
4.60000000 161.99601188 0.24971306
4.70000000 161.99601188 0.24971306
4.80000000 162.02396260 0.24975615
4.90000000 165.98970832 0.25586925
5.00000000 189.20253536 0.29165128
5.10000000 189.20253536 0.29165128
5.20000000 189.20253536 0.29165128
5.30000000 197.14542536 0.30389506
5.40000000 197.14542536 0.30389506
5.50000000 197.14542536 0.30389506
5.60000000 205.04662992 0.31607458
5.70000000 205.04662992 0.31607458
5.80000000 205.04662992 0.31607458
5.90000000 205.04662992 0.31607458
6.00000000 205.04662992 0.31607458
6.10000000 211.04667248 0.32532351
6.20000000 211.04667248 0.32532351
6.30000000 211.04667248 0.32532351
6.40000000 218.98456952 0.33755959
6.50000000 218.98456952 0.33755959
6.60000000 226.91930104 0.34979080
6.70000000 226.91930104 0.34979080
6.80000000 242.46672912 0.37375679
6.90000000 242.46672912 0.37375679
7.00000000 242.60004280 0.37396229
7.10000000 245.53829440 0.37849154
7.20000000 245.53829440 0.37849154
7.30000000 245.53829440 0.37849154
7.40000000 245.53829440 0.37849154
7.50000000 245.53829440 0.37849154
7.60000000 245.53829440 0.37849154
7.70000000 257.21660164 0.39649338
7.80000000 257.21660164 0.39649338
7.90000000 273.05438292 0.42090695
8.00000000 273.05438292 0.42090695
8.10000000 288.13688900 0.44415628
8.20000000 288.13688900 0.44415628
8.30000000 288.13688900 0.44415628
8.40000000 288.13688900 0.44415628
8.50000000 295.17513580 0.45500557
8.60000000 301.14005932 0.46420036
8.70000000 301.14005932 0.46420036
8.80000000 301.14005932 0.46420036
8.90000000 301.14005932 0.46420036
9.00000000 301.14005932 0.46420036
9.10000000 301.14005932 0.46420036
9.20000000 309.02634820 0.47635689
9.30000000 309.02634820 0.47635689
9.40000000 309.02634820 0.47635689
9.50000000 316.92589564 0.48853386
9.60000000 316.92589564 0.48853386
9.70000000 316.92589564 0.48853386
9.80000000 324.69036452 0.50050260
9.90000000 324.69036452 0.50050260
10.00000000 324.69036452 0.50050260
10.10000000 324.69036452 0.50050260
10.20000000 324.69036452 0.50050260
10.30000000 324.73932260 0.50057807
10.40000000 332.54957988 0.51261740
10.50000000 332.54957988 0.51261740
10.60000000 332.61212268 0.51271381
10.70000000 332.61768940 0.51272239
10.80000000 332.61768940 0.51272239
10.90000000 332.61768940 0.51272239
11.00000000 340.19492748 0.52440252
11.10000000 340.19492748 0.52440252
11.20000000 355.91792060 0.54863915
11.30000000 355.91792060 0.54863915
11.40000000 355.91792060 0.54863915
11.50000000 355.91792060 0.54863915
11.60000000 355.91792060 0.54863915
11.70000000 363.59310932 0.56047027
11.80000000 363.59310932 0.56047027
11.90000000 363.59310932 0.56047027
12.00000000 363.59310932 0.56047027
12.10000000 363.59310932 0.56047027
12.20000000 370.82839812 0.57162330
12.30000000 370.83156012 0.57162818
12.40000000 382.43701608 0.58951772
12.50000000 382.43701608 0.58951772
12.60000000 382.43701608 0.58951772
12.70000000 382.43701608 0.58951772
12.80000000 382.43701608 0.58951772
12.90000000 397.99521720 0.61350032
13.00000000 398.14505032 0.61373128
13.10000000 398.14505032 0.61373128
13.20000000 398.14505032 0.61373128
13.30000000 427.44048232 0.65888951
13.40000000 427.44048232 0.65888951
13.50000000 427.44048232 0.65888951
13.60000000 427.44048232 0.65888951
13.70000000 427.44048232 0.65888951
13.80000000 427.44048232 0.65888951
13.90000000 427.44048232 0.65888951
14.00000000 427.44048232 0.65888951
14.10000000 435.01729856 0.67056899
14.20000000 435.01729856 0.67056899
14.30000000 435.01729856 0.67056899
14.40000000 435.17078368 0.67080559
14.50000000 435.17078368 0.67080559
14.60000000 435.17078368 0.67080559
14.70000000 435.17845264 0.67081741
14.80000000 442.81711888 0.68259223
14.90000000 442.81711888 0.68259223
15.00000000 442.81711888 0.68259223
15.10000000 442.81711888 0.68259223
15.20000000 442.81711888 0.68259223
15.30000000 442.81711888 0.68259223
15.40000000 442.81711888 0.68259223
15.50000000 442.81711888 0.68259223
15.60000000 442.85567424 0.68265167
15.70000000 442.85567424 0.68265167
15.80000000 442.85567424 0.68265167
15.90000000 442.85567424 0.68265167
16.00000000 442.85567424 0.68265167
16.10000000 448.71500608 0.69168369
16.20000000 448.71500608 0.69168369
16.30000000 448.92334432 0.69200484
16.40000000 448.92334432 0.69200484
16.50000000 448.92334432 0.69200484
16.60000000 448.92334432 0.69200484
16.70000000 448.92910264 0.69201371
16.80000000 448.92910264 0.69201371
16.90000000 456.31482584 0.70339863
17.00000000 456.33278568 0.70342632
17.10000000 456.36209624 0.70347150
17.20000000 456.48926400 0.70366752
17.30000000 456.49218424 0.70367203
17.40000000 456.49218424 0.70367203
17.50000000 456.49218424 0.70367203
17.60000000 456.49218424 0.70367203
17.70000000 467.73440032 0.72100164
17.80000000 474.22961456 0.73101386
17.90000000 474.25196952 0.73104832
18.00000000 474.25566632 0.73105402
18.10000000 474.25566632 0.73105402
18.20000000 478.40895336 0.73745621
18.30000000 478.40895336 0.73745621
18.40000000 478.40895336 0.73745621
18.50000000 478.40895336 0.73745621
18.60000000 478.54617112 0.73766773
18.70000000 478.54617112 0.73766773
18.80000000 478.57269600 0.73770862
18.90000000 478.57269600 0.73770862
19.00000000 478.57269600 0.73770862
19.10000000 478.57269600 0.73770862
19.20000000 478.57269600 0.73770862
19.30000000 478.57269600 0.73770862
19.40000000 478.57269600 0.73770862
19.50000000 478.60003968 0.73775077
19.60000000 478.60003968 0.73775077
19.70000000 478.60003968 0.73775077
19.80000000 478.60455688 0.73775773
19.90000000 478.60455688 0.73775773
20.00000000 478.60455688 0.73775773
20.10000000 478.60455688 0.73775773
20.20000000 499.89776872 0.77058072
20.30000000 499.89776872 0.77058072
20.40000000 499.90225040 0.77058763
20.50000000 499.90225040 0.77058763
20.60000000 499.90432816 0.77059083
20.70000000 499.90979376 0.77059926
20.80000000 510.74504560 0.78730154
20.90000000 510.74590056 0.78730286
21.00000000 510.74590056 0.78730286
21.10000000 510.74590056 0.78730286
21.20000000 510.74590056 0.78730286
21.30000000 510.74590056 0.78730286
21.40000000 512.57944272 0.79012922
21.50000000 512.57944272 0.79012922
21.60000000 512.57944272 0.79012922
21.70000000 512.57944272 0.79012922
21.80000000 519.95864856 0.80150410
21.90000000 519.95864856 0.80150410
22.00000000 519.95864856 0.80150410
22.10000000 519.95864856 0.80150410
22.20000000 519.95864856 0.80150410
22.30000000 519.96044392 0.80150686
22.40000000 519.96044392 0.80150686
22.50000000 519.96568240 0.80151494
22.60000000 519.96568240 0.80151494
22.70000000 523.01926700 0.80622197
22.80000000 523.01926700 0.80622197
22.90000000 523.01926700 0.80622197
23.00000000 523.01926700 0.80622197
23.10000000 523.01926700 0.80622197
23.20000000 523.01926700 0.80622197
23.30000000 523.01926700 0.80622197
23.40000000 523.01926700 0.80622197
23.50000000 523.01926700 0.80622197
23.60000000 523.01926700 0.80622197
23.70000000 523.01926700 0.80622197
23.80000000 523.01926700 0.80622197
23.90000000 523.02091148 0.80622450
24.00000000 523.02091148 0.80622450
24.10000000 523.02091148 0.80622450
24.20000000 523.02091148 0.80622450
24.30000000 523.02091148 0.80622450
24.40000000 523.02091148 0.80622450
24.50000000 523.02091148 0.80622450
24.60000000 523.02091148 0.80622450
24.70000000 523.02091148 0.80622450
24.80000000 523.02091148 0.80622450
24.90000000 523.05048764 0.80627009
25.00000000 523.05048764 0.80627009
25.10000000 529.87280212 0.81678653
25.20000000 529.87280212 0.81678653
25.30000000 529.87280212 0.81678653
25.40000000 529.87280212 0.81678653
25.50000000 529.87280212 0.81678653
25.60000000 529.87280212 0.81678653
25.70000000 529.87280212 0.81678653
25.80000000 529.87454916 0.81678923
25.90000000 529.87454916 0.81678923
26.00000000 536.90276172 0.82762305
26.10000000 536.90276172 0.82762305
26.20000000 536.90276172 0.82762305
26.30000000 536.90276172 0.82762305
26.40000000 536.90276172 0.82762305
26.50000000 536.90276172 0.82762305
26.60000000 536.90276172 0.82762305
26.70000000 536.90888012 0.82763248
26.80000000 536.90888012 0.82763248
26.90000000 536.90888012 0.82763248
27.00000000 537.28122892 0.82820645
27.10000000 537.28122892 0.82820645
27.20000000 537.28122892 0.82820645
27.30000000 537.28122892 0.82820645
27.40000000 537.28122892 0.82820645
27.50000000 537.28122892 0.82820645
27.60000000 537.28122892 0.82820645
27.70000000 537.28122892 0.82820645
27.80000000 537.28122892 0.82820645
27.90000000 542.37548940 0.83605913
28.00000000 542.37548940 0.83605913
28.10000000 542.37548940 0.83605913
28.20000000 542.37548940 0.83605913
28.30000000 542.37548940 0.83605913
28.40000000 542.37548940 0.83605913
28.50000000 542.37548940 0.83605913
28.60000000 542.37548940 0.83605913
28.70000000 542.37715036 0.83606169
28.80000000 542.37715036 0.83606169
28.90000000 542.37715036 0.83606169
29.00000000 542.37715036 0.83606169
29.10000000 542.37715036 0.83606169
29.20000000 542.37715036 0.83606169
29.30000000 542.37715036 0.83606169
29.40000000 542.37715036 0.83606169
29.50000000 542.37715036 0.83606169
29.60000000 542.37715036 0.83606169
29.70000000 542.37715036 0.83606169
29.80000000 542.37715036 0.83606169
29.90000000 542.37715036 0.83606169
30.00000000 542.37715036 0.83606169
30.10000000 542.37715036 0.83606169
30.20000000 542.37715036 0.83606169
30.30000000 542.37715036 0.83606169
30.40000000 542.37715036 0.83606169
30.50000000 542.37715036 0.83606169
30.60000000 542.37715036 0.83606169
30.70000000 542.37715036 0.83606169
30.80000000 542.37715036 0.83606169
30.90000000 542.37715036 0.83606169
31.00000000 542.37715036 0.83606169
31.10000000 542.40758724 0.83610861
31.20000000 542.40758724 0.83610861
31.30000000 542.40758724 0.83610861
31.40000000 542.73085388 0.83660692
31.50000000 542.73085388 0.83660692
31.60000000 542.73085388 0.83660692
31.70000000 542.73085388 0.83660692
31.80000000 542.73085388 0.83660692
31.90000000 555.90015932 0.85690710
32.00000000 555.90015932 0.85690710
32.10000000 555.90015932 0.85690710
32.20000000 555.90015932 0.85690710
32.30000000 555.90015932 0.85690710
32.40000000 555.90015932 0.85690710
32.50000000 555.90015932 0.85690710
32.60000000 555.90015932 0.85690710
32.70000000 555.90015932 0.85690710
32.80000000 555.90015932 0.85690710
32.90000000 555.90015932 0.85690710
33.00000000 555.90015932 0.85690710
33.10000000 555.90015932 0.85690710
33.20000000 555.90015932 0.85690710
33.30000000 555.90015932 0.85690710
33.40000000 555.90015932 0.85690710
33.50000000 555.90015932 0.85690710
33.60000000 555.90015932 0.85690710
33.70000000 555.90015932 0.85690710
33.80000000 555.90015932 0.85690710
33.90000000 555.90015932 0.85690710
34.00000000 555.90015932 0.85690710
34.10000000 555.90015932 0.85690710
34.20000000 555.90015932 0.85690710
34.30000000 555.90015932 0.85690710
34.40000000 555.90015932 0.85690710
34.50000000 555.90015932 0.85690710
34.60000000 555.90015932 0.85690710
34.70000000 555.90015932 0.85690710
34.80000000 555.90015932 0.85690710
34.90000000 555.90015932 0.85690710
35.00000000 555.90015932 0.85690710
35.10000000 555.90015932 0.85690710
35.20000000 555.92894108 0.85695146
35.30000000 555.92894108 0.85695146
35.40000000 555.92894108 0.85695146
35.50000000 555.93863412 0.85696640
35.60000000 555.93863412 0.85696640
35.70000000 555.93863412 0.85696640
35.80000000 555.93863412 0.85696640
35.90000000 555.93863412 0.85696640
36.00000000 555.93863412 0.85696640
36.10000000 555.93863412 0.85696640
36.20000000 555.93863412 0.85696640
36.30000000 555.93863412 0.85696640
36.40000000 555.93863412 0.85696640
36.50000000 555.93863412 0.85696640
36.60000000 555.93863412 0.85696640
36.70000000 555.93863412 0.85696640
36.80000000 555.93863412 0.85696640
36.90000000 555.93863412 0.85696640
37.00000000 555.93863412 0.85696640
37.10000000 555.93863412 0.85696640
37.20000000 555.93863412 0.85696640
37.30000000 555.93863412 0.85696640
37.40000000 555.94359820 0.85697406
37.50000000 555.94359820 0.85697406
37.60000000 555.94359820 0.85697406
37.70000000 560.74836508 0.86438049
37.80000000 560.74836508 0.86438049
37.90000000 560.74836508 0.86438049
38.00000000 560.74836508 0.86438049
38.10000000 560.74836508 0.86438049
38.20000000 560.74836508 0.86438049
38.30000000 560.74836508 0.86438049
38.40000000 560.74836508 0.86438049
38.50000000 560.74836508 0.86438049
38.60000000 560.74836508 0.86438049
38.70000000 560.74836508 0.86438049
38.80000000 560.74836508 0.86438049
38.90000000 560.74836508 0.86438049
39.00000000 560.74836508 0.86438049
39.10000000 560.74836508 0.86438049
39.20000000 566.30433780 0.87294489
39.30000000 566.30433780 0.87294489
39.40000000 566.30433780 0.87294489
39.50000000 566.32084476 0.87297034
39.60000000 566.32178660 0.87297179
39.70000000 567.07390388 0.87413116
39.80000000 567.07390388 0.87413116
39.90000000 567.07390388 0.87413116
40.00000000 567.07390388 0.87413116
40.10000000 567.07390388 0.87413116
40.20000000 573.14659148 0.88349207
40.30000000 573.14830652 0.88349471
40.40000000 573.14830652 0.88349471
40.50000000 573.14830652 0.88349471
40.60000000 573.14830652 0.88349471
40.70000000 573.14830652 0.88349471
40.80000000 573.14830652 0.88349471
40.90000000 573.14830652 0.88349471
41.00000000 573.14830652 0.88349471
41.10000000 573.14830652 0.88349471
41.20000000 573.14830652 0.88349471
41.30000000 573.14830652 0.88349471
41.40000000 573.14830652 0.88349471
41.50000000 573.16050380 0.88351351
41.60000000 573.16050380 0.88351351
41.70000000 573.16050380 0.88351351
41.80000000 573.16050380 0.88351351
41.90000000 573.16050380 0.88351351
42.00000000 573.16050380 0.88351351
42.10000000 573.16050380 0.88351351
42.20000000 573.16050380 0.88351351
42.30000000 573.16050380 0.88351351
42.40000000 573.16050380 0.88351351
42.50000000 573.16050380 0.88351351
42.60000000 573.16050380 0.88351351
42.70000000 573.16050380 0.88351351
42.80000000 573.16050380 0.88351351
42.90000000 573.16050380 0.88351351
43.00000000 573.16050380 0.88351351
43.10000000 573.16050380 0.88351351
43.20000000 573.16050380 0.88351351
43.30000000 573.16050380 0.88351351
43.40000000 573.16050380 0.88351351
43.50000000 573.16050380 0.88351351
43.60000000 573.16050380 0.88351351
43.70000000 573.16050380 0.88351351
43.80000000 573.18139420 0.88354571
43.90000000 573.18139420 0.88354571
44.00000000 573.18139420 0.88354571
44.10000000 573.18139420 0.88354571
44.20000000 573.18139420 0.88354571
44.30000000 573.18139420 0.88354571
44.40000000 573.18139420 0.88354571
44.50000000 573.18139420 0.88354571
44.60000000 573.18139420 0.88354571
44.70000000 573.18139420 0.88354571
44.80000000 573.18139420 0.88354571
44.90000000 573.18139420 0.88354571
45.00000000 573.18139420 0.88354571
45.10000000 573.18361900 0.88354914
45.20000000 573.18361900 0.88354914
45.30000000 573.18361900 0.88354914
45.40000000 573.18361900 0.88354914
45.50000000 573.18361900 0.88354914
45.60000000 573.18361900 0.88354914
45.70000000 573.18361900 0.88354914
45.80000000 573.18361900 0.88354914
45.90000000 573.18361900 0.88354914
46.00000000 573.18361900 0.88354914
46.10000000 573.98734588 0.88478807
46.20000000 573.98734588 0.88478807
46.30000000 574.01096116 0.88482447
46.40000000 574.01096116 0.88482447
46.50000000 574.01096116 0.88482447
46.60000000 574.01096116 0.88482447
46.70000000 574.01096116 0.88482447
46.80000000 574.01096116 0.88482447
46.90000000 574.01096116 0.88482447
47.00000000 574.01096116 0.88482447
47.10000000 574.11654844 0.88498723
47.20000000 574.11654844 0.88498723
47.30000000 574.11654844 0.88498723
47.40000000 574.11654844 0.88498723
47.50000000 574.11654844 0.88498723
47.60000000 574.11654844 0.88498723
47.70000000 574.11654844 0.88498723
47.80000000 574.11654844 0.88498723
47.90000000 574.11654844 0.88498723
48.00000000 574.11654844 0.88498723
48.10000000 574.11654844 0.88498723
48.20000000 574.11654844 0.88498723
48.30000000 574.11654844 0.88498723
48.40000000 574.11654844 0.88498723
48.50000000 574.11654844 0.88498723
48.60000000 574.11654844 0.88498723
48.70000000 574.12214580 0.88499586
48.80000000 574.12214580 0.88499586
48.90000000 574.12402228 0.88499875
49.00000000 574.12402228 0.88499875
49.10000000 574.12402228 0.88499875
49.20000000 574.12402228 0.88499875
49.30000000 574.12402228 0.88499875
49.40000000 574.12402228 0.88499875
49.50000000 574.12402228 0.88499875
49.60000000 574.12402228 0.88499875
49.70000000 574.12402228 0.88499875
49.80000000 574.12402228 0.88499875
49.90000000 574.12402228 0.88499875
50.00000000 574.59255292 0.88572098
50.10000000 574.59255292 0.88572098
50.20000000 574.59255292 0.88572098
50.30000000 574.59255292 0.88572098
50.40000000 574.59255292 0.88572098
50.50000000 574.60137316 0.88573458
50.60000000 574.60137316 0.88573458
50.70000000 574.60137316 0.88573458
50.80000000 574.60137316 0.88573458
50.90000000 574.60137316 0.88573458
51.00000000 574.60137316 0.88573458
51.10000000 574.60137316 0.88573458
51.20000000 574.60137316 0.88573458
51.30000000 574.60137316 0.88573458
51.40000000 574.60137316 0.88573458
51.50000000 588.96512596 0.90787597
51.60000000 588.96512596 0.90787597
51.70000000 588.96512596 0.90787597
51.80000000 588.96512596 0.90787597
51.90000000 588.96512596 0.90787597
52.00000000 588.96512596 0.90787597
52.10000000 589.02979636 0.90797566
52.20000000 589.02979636 0.90797566
52.30000000 589.02979636 0.90797566
52.40000000 594.69964220 0.91671559
52.50000000 594.69964220 0.91671559
52.60000000 594.69964220 0.91671559
52.70000000 594.69964220 0.91671559
52.80000000 594.69964220 0.91671559
52.90000000 594.69964220 0.91671559
53.00000000 594.69964220 0.91671559
53.10000000 594.69964220 0.91671559
53.20000000 594.69964220 0.91671559
53.30000000 594.69964220 0.91671559
53.40000000 594.69964220 0.91671559
53.50000000 594.69964220 0.91671559
53.60000000 594.69964220 0.91671559
53.70000000 594.69964220 0.91671559
53.80000000 594.69964220 0.91671559
53.90000000 594.69964220 0.91671559
54.00000000 594.69964220 0.91671559
54.10000000 594.69964220 0.91671559
54.20000000 594.69964220 0.91671559
54.30000000 594.69964220 0.91671559
54.40000000 594.69964220 0.91671559
54.50000000 594.69964220 0.91671559
54.60000000 594.69964220 0.91671559
54.70000000 594.69964220 0.91671559
54.80000000 594.70053500 0.91671697
54.90000000 594.70053500 0.91671697
55.00000000 594.70053500 0.91671697
55.10000000 594.70053500 0.91671697
55.20000000 594.70053500 0.91671697
55.30000000 594.70053500 0.91671697
55.40000000 594.70053500 0.91671697
55.50000000 594.70053500 0.91671697
55.60000000 594.70053500 0.91671697
55.70000000 594.70053500 0.91671697
55.80000000 594.70053500 0.91671697
55.90000000 594.70053500 0.91671697
56.00000000 594.70053500 0.91671697
56.10000000 594.70716328 0.91672718
56.20000000 594.70716328 0.91672718
56.30000000 594.70716328 0.91672718
56.40000000 594.70716328 0.91672718
56.50000000 594.70716328 0.91672718
56.60000000 594.70716328 0.91672718
56.70000000 594.70716328 0.91672718
56.80000000 594.70716328 0.91672718
56.90000000 594.70716328 0.91672718
57.00000000 594.70716328 0.91672718
57.10000000 594.70716328 0.91672718
57.20000000 594.70716328 0.91672718
57.30000000 594.71331640 0.91673667
57.40000000 594.71331640 0.91673667
57.50000000 594.71331640 0.91673667
57.60000000 594.71331640 0.91673667
57.70000000 594.71331640 0.91673667
57.80000000 594.71331640 0.91673667
57.90000000 594.71331640 0.91673667
58.00000000 594.71331640 0.91673667
58.10000000 594.71331640 0.91673667
58.20000000 594.71331640 0.91673667
58.30000000 594.71331640 0.91673667
58.40000000 594.71331640 0.91673667
58.50000000 594.71331640 0.91673667
58.60000000 594.71331640 0.91673667
58.70000000 594.71331640 0.91673667
58.80000000 594.71331640 0.91673667
58.90000000 594.71331640 0.91673667
59.00000000 594.71331640 0.91673667
59.10000000 594.71331640 0.91673667
59.20000000 594.71331640 0.91673667
59.30000000 594.71331640 0.91673667
59.40000000 594.71331640 0.91673667
59.50000000 594.71331640 0.91673667
59.60000000 594.71331640 0.91673667
59.70000000 594.71331640 0.91673667
59.80000000 594.71331640 0.91673667
59.90000000 594.71331640 0.91673667
60.00000000 594.71331640 0.91673667
60.10000000 594.71331640 0.91673667
60.20000000 594.71331640 0.91673667
60.30000000 594.71331640 0.91673667
60.40000000 594.71331640 0.91673667
60.50000000 594.71331640 0.91673667
60.60000000 594.71331640 0.91673667
60.70000000 594.75134280 0.91679529
60.80000000 594.75134280 0.91679529
60.90000000 594.75134280 0.91679529
61.00000000 594.75134280 0.91679529
61.10000000 594.75134280 0.91679529
61.20000000 594.75134280 0.91679529
61.30000000 594.75134280 0.91679529
61.40000000 594.75134280 0.91679529
61.50000000 594.75134280 0.91679529
61.60000000 594.75134280 0.91679529
61.70000000 594.75134280 0.91679529
61.80000000 594.75134280 0.91679529
61.90000000 594.75134280 0.91679529
62.00000000 594.75134280 0.91679529
62.10000000 594.75134280 0.91679529
62.20000000 594.75134280 0.91679529
62.30000000 594.75134280 0.91679529
62.40000000 594.75134280 0.91679529
62.50000000 594.75134280 0.91679529
62.60000000 594.75479240 0.91680060
62.70000000 594.75479240 0.91680060
62.80000000 594.75479240 0.91680060
62.90000000 594.75479240 0.91680060
63.00000000 594.75479240 0.91680060
63.10000000 594.75479240 0.91680060
63.20000000 594.75479240 0.91680060
63.30000000 594.75479240 0.91680060
63.40000000 594.75479240 0.91680060
63.50000000 594.75479240 0.91680060
63.60000000 594.75479240 0.91680060
63.70000000 594.75479240 0.91680060
63.80000000 594.75479240 0.91680060
63.90000000 594.75479240 0.91680060
64.00000000 594.75479240 0.91680060
64.10000000 594.75479240 0.91680060
64.20000000 594.75479240 0.91680060
64.30000000 594.75479240 0.91680060
64.40000000 594.75479240 0.91680060
64.50000000 594.75479240 0.91680060
64.60000000 594.75479240 0.91680060
64.70000000 594.75479240 0.91680060
64.80000000 594.75479240 0.91680060
64.90000000 594.75479240 0.91680060
65.00000000 594.75479240 0.91680060
65.10000000 594.75479240 0.91680060
65.20000000 594.75479240 0.91680060
65.30000000 594.75679912 0.91680370
65.40000000 594.75679912 0.91680370
65.50000000 594.75679912 0.91680370
65.60000000 594.75679912 0.91680370
65.70000000 594.75679912 0.91680370
65.80000000 594.75679912 0.91680370
65.90000000 594.75861768 0.91680650
66.00000000 594.75861768 0.91680650
66.10000000 594.75861768 0.91680650
66.20000000 594.75861768 0.91680650
66.30000000 594.75861768 0.91680650
66.40000000 594.75861768 0.91680650
66.50000000 594.75861768 0.91680650
66.60000000 594.75861768 0.91680650
66.70000000 594.75861768 0.91680650
66.80000000 594.75861768 0.91680650
66.90000000 594.75861768 0.91680650
67.00000000 594.75861768 0.91680650
67.10000000 594.75861768 0.91680650
67.20000000 594.75861768 0.91680650
67.30000000 594.75861768 0.91680650
67.40000000 594.75861768 0.91680650
67.50000000 594.75861768 0.91680650
67.60000000 594.75861768 0.91680650
67.70000000 594.75861768 0.91680650
67.80000000 594.75861768 0.91680650
67.90000000 594.75861768 0.91680650
68.00000000 594.75861768 0.91680650
68.10000000 594.75861768 0.91680650
68.20000000 594.75861768 0.91680650
68.30000000 594.75861768 0.91680650
68.40000000 594.75861768 0.91680650
68.50000000 594.75861768 0.91680650
68.60000000 594.75861768 0.91680650
68.70000000 594.75861768 0.91680650
68.80000000 594.75861768 0.91680650
68.90000000 594.75861768 0.91680650
69.00000000 594.75861768 0.91680650
69.10000000 594.75861768 0.91680650
69.20000000 594.75861768 0.91680650
69.30000000 594.75861768 0.91680650
69.40000000 594.75861768 0.91680650
69.50000000 594.75861768 0.91680650
69.60000000 594.75861768 0.91680650
69.70000000 594.75861768 0.91680650
69.80000000 594.75861768 0.91680650
69.90000000 594.75861768 0.91680650
70.00000000 594.75861768 0.91680650
70.10000000 594.75861768 0.91680650
70.20000000 594.75861768 0.91680650
70.30000000 594.76891208 0.91682237
70.40000000 594.76891208 0.91682237
70.50000000 594.76891208 0.91682237
70.60000000 594.76891208 0.91682237
70.70000000 594.76891208 0.91682237
70.80000000 594.76891208 0.91682237
70.90000000 594.76891208 0.91682237
71.00000000 594.76891208 0.91682237
71.10000000 594.76891208 0.91682237
71.20000000 594.76891208 0.91682237
71.30000000 594.76891208 0.91682237
71.40000000 594.76891208 0.91682237
71.50000000 594.76891208 0.91682237
71.60000000 594.76891208 0.91682237
71.70000000 594.76891208 0.91682237
71.80000000 594.76891208 0.91682237
71.90000000 594.76891208 0.91682237
72.00000000 594.82070840 0.91690221
72.10000000 594.82070840 0.91690221
72.20000000 594.82070840 0.91690221
72.30000000 594.82070840 0.91690221
72.40000000 594.82070840 0.91690221
72.50000000 594.82070840 0.91690221
72.60000000 594.82070840 0.91690221
72.70000000 594.82070840 0.91690221
72.80000000 594.82383600 0.91690703
72.90000000 594.82383600 0.91690703
73.00000000 598.82352200 0.92307246
73.10000000 598.82352200 0.92307246
73.20000000 598.82352200 0.92307246
73.30000000 598.82352200 0.92307246
73.40000000 598.82352200 0.92307246
73.50000000 598.82352200 0.92307246
73.60000000 598.82352200 0.92307246
73.70000000 598.82352200 0.92307246
73.80000000 598.82352200 0.92307246
73.90000000 614.82194488 0.94773365
74.00000000 614.82194488 0.94773365
74.10000000 614.82194488 0.94773365
74.20000000 614.82194488 0.94773365
74.30000000 614.82194488 0.94773365
74.40000000 614.82194488 0.94773365
74.50000000 614.82194488 0.94773365
74.60000000 614.82194488 0.94773365
74.70000000 614.82194488 0.94773365
74.80000000 622.82092944 0.96006390
74.90000000 622.82092944 0.96006390
75.00000000 622.82092944 0.96006390
75.10000000 622.82292752 0.96006698
75.20000000 622.84823472 0.96010599
75.30000000 622.84823472 0.96010599
75.40000000 622.84823472 0.96010599
75.50000000 622.84823472 0.96010599
75.60000000 622.84823472 0.96010599
75.70000000 622.84823472 0.96010599
75.80000000 622.84823472 0.96010599
75.90000000 622.84823472 0.96010599
76.00000000 622.84823472 0.96010599
76.10000000 622.84823472 0.96010599
76.20000000 622.84823472 0.96010599
76.30000000 622.84823472 0.96010599
76.40000000 622.84823472 0.96010599
76.50000000 622.84823472 0.96010599
76.60000000 622.84823472 0.96010599
76.70000000 622.84823472 0.96010599
76.80000000 630.84636432 0.97243492
76.90000000 630.84636432 0.97243492
77.00000000 630.84636432 0.97243492
77.10000000 630.84636432 0.97243492
77.20000000 630.84902128 0.97243901
77.30000000 630.84902128 0.97243901
77.40000000 630.84902128 0.97243901
77.50000000 630.84902128 0.97243901
77.60000000 630.84902128 0.97243901
77.70000000 632.37667504 0.97479386
77.80000000 632.37667504 0.97479386
77.90000000 640.37393128 0.98712144
78.00000000 640.38776688 0.98714277
78.10000000 640.38776688 0.98714277
78.20000000 640.38776688 0.98714277
78.30000000 640.38776688 0.98714277
78.40000000 640.38776688 0.98714277
78.50000000 640.38776688 0.98714277
78.60000000 640.38776688 0.98714277
78.70000000 640.38776688 0.98714277
78.80000000 640.38776688 0.98714277
78.90000000 640.38776688 0.98714277
79.00000000 640.38776688 0.98714277
79.10000000 640.38776688 0.98714277
79.20000000 640.38822316 0.98714347
79.30000000 640.38822316 0.98714347
79.40000000 640.38822316 0.98714347
79.50000000 640.38822316 0.98714347
79.60000000 640.38822316 0.98714347
79.70000000 640.38822316 0.98714347
79.80000000 640.38822316 0.98714347
79.90000000 640.38822316 0.98714347
80.00000000 640.38822316 0.98714347
80.10000000 640.38822316 0.98714347
80.20000000 640.38822316 0.98714347
80.30000000 640.38822316 0.98714347
80.40000000 640.39746604 0.98715772
80.50000000 640.39746604 0.98715772
80.60000000 640.39746604 0.98715772
80.70000000 640.39746604 0.98715772
80.80000000 640.39746604 0.98715772
80.90000000 640.39746604 0.98715772
81.00000000 640.39746604 0.98715772
81.10000000 640.39746604 0.98715772
81.20000000 640.39746604 0.98715772
81.30000000 640.39746604 0.98715772
81.40000000 640.39746604 0.98715772
81.50000000 640.39746604 0.98715772
81.60000000 640.39746604 0.98715772
81.70000000 640.39746604 0.98715772
81.80000000 640.39746604 0.98715772
81.90000000 640.39746604 0.98715772
82.00000000 640.39746604 0.98715772
82.10000000 640.39746604 0.98715772
82.20000000 640.39746604 0.98715772
82.30000000 640.39746604 0.98715772
82.40000000 640.39746604 0.98715772
82.50000000 640.39746604 0.98715772
82.60000000 640.39746604 0.98715772
82.70000000 640.39746604 0.98715772
82.80000000 640.39746604 0.98715772
82.90000000 640.39746604 0.98715772
83.00000000 640.39746604 0.98715772
83.10000000 640.39746604 0.98715772
83.20000000 640.39746604 0.98715772
83.30000000 640.39746604 0.98715772
83.40000000 640.39746604 0.98715772
83.50000000 640.39746604 0.98715772
83.60000000 640.39746604 0.98715772
83.70000000 640.39746604 0.98715772
83.80000000 640.39746604 0.98715772
83.90000000 640.39746604 0.98715772
84.00000000 648.32050804 0.99937090
84.10000000 648.32050804 0.99937090
84.20000000 648.32050804 0.99937090
84.30000000 648.32050804 0.99937090
84.40000000 648.32050804 0.99937090
84.50000000 648.32050804 0.99937090
84.60000000 648.32385548 0.99937606
84.70000000 648.32385548 0.99937606
84.80000000 648.32385548 0.99937606
84.90000000 648.32385548 0.99937606
85.00000000 648.32385548 0.99937606
85.10000000 648.32385548 0.99937606
85.20000000 648.32385548 0.99937606
85.30000000 648.32385548 0.99937606
85.40000000 648.32385548 0.99937606
85.50000000 648.32385548 0.99937606
85.60000000 648.32385548 0.99937606
85.70000000 648.32385548 0.99937606
85.80000000 648.32385548 0.99937606
85.90000000 648.32385548 0.99937606
86.00000000 648.32385548 0.99937606
86.10000000 648.32385548 0.99937606
86.20000000 648.32385548 0.99937606
86.30000000 648.32385548 0.99937606
86.40000000 648.32385548 0.99937606
86.50000000 648.32385548 0.99937606
86.60000000 648.32385548 0.99937606
86.70000000 648.67194908 0.99991264
86.80000000 648.67194908 0.99991264
86.90000000 648.67194908 0.99991264
87.00000000 648.67194908 0.99991264
87.10000000 648.67194908 0.99991264
87.20000000 648.67194908 0.99991264
87.30000000 648.67194908 0.99991264
87.40000000 648.67194908 0.99991264
87.50000000 648.67194908 0.99991264
87.60000000 648.67194908 0.99991264
87.70000000 648.67194908 0.99991264
87.80000000 648.67194908 0.99991264
87.90000000 648.67194908 0.99991264
88.00000000 648.67194908 0.99991264
88.10000000 648.67194908 0.99991264
88.20000000 648.67194908 0.99991264
88.30000000 648.67194908 0.99991264
88.40000000 648.67194908 0.99991264
88.50000000 648.67194908 0.99991264
88.60000000 648.67194908 0.99991264
88.70000000 648.67194908 0.99991264
88.80000000 648.67194908 0.99991264
88.90000000 648.67194908 0.99991264
89.00000000 648.67194908 0.99991264
89.10000000 648.67194908 0.99991264
89.20000000 648.67194908 0.99991264
89.30000000 648.72634788 0.99999649
89.40000000 648.72634788 0.99999649
89.50000000 648.72634788 0.99999649
89.60000000 648.72634788 0.99999649
89.70000000 648.72862228 1.00000000
89.80000000 648.72862228 1.00000000
89.90000000 648.72862228 1.00000000
90.00000000 648.72862228 1.00000000
