# Theta (deg), Enclosed Intensity, Normalized Enclosed Intensity
0.00000000 0.00000000 0.00000000
0.10000000 0.00000000 0.00000000
0.20000000 15.02443200 0.02496917
0.30000000 22.96397360 0.03816394
0.40000000 22.96397360 0.03816394
0.50000000 22.96397360 0.03816394
0.60000000 22.96397360 0.03816394
0.70000000 46.56895780 0.07739317
0.80000000 56.77429996 0.09435348
0.90000000 71.98661180 0.11963489
1.00000000 72.01083452 0.11967515
1.10000000 72.01083452 0.11967515
1.20000000 83.91744536 0.13946280
1.30000000 83.91744536 0.13946280
1.40000000 110.37318156 0.18342971
1.50000000 110.37318156 0.18342971
1.60000000 110.37318156 0.18342971
1.70000000 118.30793372 0.19661652
1.80000000 118.30793372 0.19661652
1.90000000 126.24491492 0.20980702
2.00000000 142.08515700 0.23613200
2.10000000 142.08515700 0.23613200
2.20000000 170.41757900 0.28321778
2.30000000 174.31915220 0.28970183
2.40000000 182.24772732 0.30287836
2.50000000 182.24772732 0.30287836
2.60000000 190.14967044 0.31601064
2.70000000 190.14967044 0.31601064
2.80000000 205.04688916 0.34076840
2.90000000 205.04688916 0.34076840
3.00000000 220.87907444 0.36707998
3.10000000 228.74246196 0.38014818
3.20000000 234.63701132 0.38994436
3.30000000 234.63701132 0.38994436
3.40000000 246.36767756 0.40943961
3.50000000 246.36767756 0.40943961
3.60000000 246.36767756 0.40943961
3.70000000 254.25774524 0.42255215
3.80000000 254.37439236 0.42274601
3.90000000 262.66673772 0.43652710
4.00000000 262.66673772 0.43652710
4.10000000 293.88954324 0.48841643
4.20000000 293.88954324 0.48841643
4.30000000 293.88954324 0.48841643
4.40000000 293.88954324 0.48841643
4.50000000 293.88954324 0.48841643
4.60000000 293.88954324 0.48841643
4.70000000 293.88954324 0.48841643
4.80000000 293.88954324 0.48841643
4.90000000 293.88954324 0.48841643
5.00000000 293.88954324 0.48841643
5.10000000 293.88954324 0.48841643
5.20000000 301.77118860 0.50151497
5.30000000 301.77118860 0.50151497
5.40000000 303.56632644 0.50449832
5.50000000 303.56632644 0.50449832
5.60000000 303.56632644 0.50449832
5.70000000 311.37006580 0.51746739
5.80000000 311.37006580 0.51746739
5.90000000 311.37006580 0.51746739
6.00000000 311.37006580 0.51746739
6.10000000 311.37006580 0.51746739
6.20000000 323.12343508 0.53700037
6.30000000 323.12343508 0.53700037
6.40000000 323.12343508 0.53700037
6.50000000 323.12343508 0.53700037
6.60000000 323.12343508 0.53700037
6.70000000 323.12343508 0.53700037
6.80000000 323.12343508 0.53700037
6.90000000 323.12343508 0.53700037
7.00000000 323.12343508 0.53700037
7.10000000 346.01340124 0.57504131
7.20000000 349.42397020 0.58070935
7.30000000 349.42397020 0.58070935
7.40000000 349.42397020 0.58070935
7.50000000 349.42397020 0.58070935
7.60000000 349.42397020 0.58070935
7.70000000 349.42397020 0.58070935
7.80000000 349.42397020 0.58070935
7.90000000 349.42397020 0.58070935
8.00000000 356.42957412 0.59235200
8.10000000 363.98690164 0.60491156
8.20000000 371.79335300 0.61788514
8.30000000 371.79335300 0.61788514
8.40000000 371.79335300 0.61788514
8.50000000 371.79335300 0.61788514
8.60000000 377.90998916 0.62805040
8.70000000 377.90998916 0.62805040
8.80000000 377.90998916 0.62805040
8.90000000 377.90998916 0.62805040
9.00000000 377.90998916 0.62805040
9.10000000 377.90998916 0.62805040
9.20000000 377.90998916 0.62805040
9.30000000 385.16509196 0.64010769
9.40000000 385.16509196 0.64010769
9.50000000 392.86238876 0.65289987
9.60000000 392.86238876 0.65289987
9.70000000 392.86238876 0.65289987
9.80000000 392.86238876 0.65289987
9.90000000 392.86238876 0.65289987
10.00000000 392.86238876 0.65289987
10.10000000 400.60105612 0.66576079
10.20000000 400.61279036 0.66578030
10.30000000 400.65172052 0.66584499
10.40000000 407.30867348 0.67690822
10.50000000 407.30867348 0.67690822
10.60000000 412.41545644 0.68539520
10.70000000 412.41545644 0.68539520
10.80000000 412.41545644 0.68539520
10.90000000 412.56534372 0.68564430
11.00000000 412.56534372 0.68564430
11.10000000 420.07854180 0.69813052
11.20000000 420.07854180 0.69813052
11.30000000 420.15707612 0.69826104
11.40000000 420.15707612 0.69826104
11.50000000 420.15707612 0.69826104
11.60000000 420.15707612 0.69826104
11.70000000 420.15707612 0.69826104
11.80000000 435.33207244 0.72348044
11.90000000 435.33207244 0.72348044
12.00000000 435.33207244 0.72348044
12.10000000 435.33207244 0.72348044
12.20000000 435.33207244 0.72348044
12.30000000 435.33207244 0.72348044
12.40000000 442.97522564 0.73618263
12.50000000 442.97522564 0.73618263
12.60000000 442.97522564 0.73618263
12.70000000 442.97522564 0.73618263
12.80000000 442.97522564 0.73618263
12.90000000 457.32418484 0.76002923
13.00000000 457.56396284 0.76042772
13.10000000 457.56396284 0.76042772
13.20000000 457.56396284 0.76042772
13.30000000 457.56396284 0.76042772
13.40000000 457.56396284 0.76042772
13.50000000 457.56396284 0.76042772
13.60000000 457.56396284 0.76042772
13.70000000 457.56396284 0.76042772
13.80000000 457.56396284 0.76042772
13.90000000 457.56396284 0.76042772
14.00000000 457.56396284 0.76042772
14.10000000 457.56396284 0.76042772
14.20000000 458.30673548 0.76166214
14.30000000 458.30673548 0.76166214
14.40000000 466.55218764 0.77536529
14.50000000 466.67267420 0.77556553
14.60000000 466.67267420 0.77556553
14.70000000 466.67267420 0.77556553
14.80000000 466.67267420 0.77556553
14.90000000 467.50939252 0.77695608
15.00000000 467.50939252 0.77695608
15.10000000 467.50939252 0.77695608
15.20000000 467.50939252 0.77695608
15.30000000 467.50939252 0.77695608
15.40000000 467.50939252 0.77695608
15.50000000 467.50939252 0.77695608
15.60000000 467.54950036 0.77702273
15.70000000 467.54950036 0.77702273
15.80000000 467.54950036 0.77702273
15.90000000 474.29926324 0.78824019
16.00000000 474.32295604 0.78827957
16.10000000 474.33483900 0.78829932
16.20000000 474.33483900 0.78829932
16.30000000 474.33483900 0.78829932
16.40000000 474.33483900 0.78829932
16.50000000 474.45351948 0.78849655
16.60000000 474.45825484 0.78850442
16.70000000 474.45825484 0.78850442
16.80000000 474.45825484 0.78850442
16.90000000 474.45825484 0.78850442
17.00000000 486.61127420 0.80870158
17.10000000 486.61318776 0.80870476
17.20000000 486.61318776 0.80870476
17.30000000 486.61318776 0.80870476
17.40000000 486.61318776 0.80870476
17.50000000 486.61318776 0.80870476
17.60000000 486.61318776 0.80870476
17.70000000 486.61318776 0.80870476
17.80000000 486.61318776 0.80870476
17.90000000 486.61318776 0.80870476
18.00000000 486.61318776 0.80870476
18.10000000 486.61318776 0.80870476
18.20000000 486.61318776 0.80870476
18.30000000 486.61318776 0.80870476
18.40000000 486.61318776 0.80870476
18.50000000 486.61318776 0.80870476
18.60000000 486.61318776 0.80870476
18.70000000 486.61318776 0.80870476
18.80000000 486.61318776 0.80870476
18.90000000 492.44146464 0.81839081
19.00000000 492.44146464 0.81839081
19.10000000 492.44146464 0.81839081
19.20000000 492.44146464 0.81839081
19.30000000 492.44146464 0.81839081
19.40000000 492.44146464 0.81839081
19.50000000 492.44146464 0.81839081
19.60000000 492.44146464 0.81839081
19.70000000 492.44146464 0.81839081
19.80000000 492.47371408 0.81844440
19.90000000 492.47371408 0.81844440
20.00000000 492.47371408 0.81844440
20.10000000 492.47371408 0.81844440
20.20000000 495.47210784 0.82342745
20.30000000 495.47210784 0.82342745
20.40000000 507.99186320 0.84423409
20.50000000 507.99186320 0.84423409
20.60000000 507.99186320 0.84423409
20.70000000 508.08326328 0.84438598
20.80000000 508.08326328 0.84438598
20.90000000 508.08326328 0.84438598
21.00000000 508.08326328 0.84438598
21.10000000 508.09097984 0.84439881
21.20000000 508.28490776 0.84472110
21.30000000 508.28490776 0.84472110
21.40000000 508.28490776 0.84472110
21.50000000 508.28490776 0.84472110
21.60000000 511.56849412 0.85017811
21.70000000 511.56849412 0.85017811
21.80000000 511.56849412 0.85017811
21.90000000 511.56849412 0.85017811
22.00000000 511.60031108 0.85023098
22.10000000 511.60031108 0.85023098
22.20000000 511.61412836 0.85025395
22.30000000 511.62081084 0.85026505
22.40000000 511.62081084 0.85026505
22.50000000 511.65062636 0.85031460
22.60000000 511.65062636 0.85031460
22.70000000 511.65062636 0.85031460
22.80000000 511.65062636 0.85031460
22.90000000 511.65062636 0.85031460
23.00000000 512.15643628 0.85115521
23.10000000 512.15643628 0.85115521
23.20000000 516.44703388 0.85828577
23.30000000 516.49402000 0.85836386
23.40000000 516.49402000 0.85836386
23.50000000 516.49402000 0.85836386
23.60000000 516.49402000 0.85836386
23.70000000 516.49402000 0.85836386
23.80000000 516.94303672 0.85911008
23.90000000 516.98109544 0.85917333
24.00000000 516.98109544 0.85917333
24.10000000 516.98109544 0.85917333
24.20000000 517.09271188 0.85935883
24.30000000 517.09271188 0.85935883
24.40000000 517.09271188 0.85935883
24.50000000 517.09271188 0.85935883
24.60000000 517.09271188 0.85935883
24.70000000 517.24409412 0.85961041
24.80000000 517.24409412 0.85961041
24.90000000 517.24409412 0.85961041
25.00000000 517.26059876 0.85963784
25.10000000 517.43864388 0.85993374
25.20000000 517.44197388 0.85993927
25.30000000 517.44197388 0.85993927
25.40000000 517.44197388 0.85993927
25.50000000 517.44197388 0.85993927
25.60000000 517.44738484 0.85994826
25.70000000 517.44738484 0.85994826
25.80000000 517.44738484 0.85994826
25.90000000 517.44738484 0.85994826
26.00000000 517.44738484 0.85994826
26.10000000 517.44738484 0.85994826
26.20000000 517.44738484 0.85994826
26.30000000 517.44738484 0.85994826
26.40000000 517.44738484 0.85994826
26.50000000 517.44887060 0.85995073
26.60000000 517.44887060 0.85995073
26.70000000 518.96098796 0.86246373
26.80000000 518.96098796 0.86246373
26.90000000 519.01500828 0.86255350
27.00000000 524.71046708 0.87201881
27.10000000 524.71046708 0.87201881
27.20000000 524.71046708 0.87201881
27.30000000 524.71046708 0.87201881
27.40000000 524.71046708 0.87201881
27.50000000 524.71046708 0.87201881
27.60000000 524.71312324 0.87202323
27.70000000 524.71312324 0.87202323
27.80000000 524.71312324 0.87202323
27.90000000 524.71312324 0.87202323
28.00000000 524.71312324 0.87202323
28.10000000 524.71312324 0.87202323
28.20000000 526.04824220 0.87424207
28.30000000 526.04919004 0.87424364
28.40000000 526.04919004 0.87424364
28.50000000 526.04919004 0.87424364
28.60000000 526.04919004 0.87424364
28.70000000 526.04919004 0.87424364
28.80000000 526.04919004 0.87424364
28.90000000 526.04919004 0.87424364
29.00000000 526.04919004 0.87424364
29.10000000 526.04919004 0.87424364
29.20000000 526.04919004 0.87424364
29.30000000 526.04919004 0.87424364
29.40000000 526.04919004 0.87424364
29.50000000 526.04919004 0.87424364
29.60000000 526.06821772 0.87427527
29.70000000 526.06821772 0.87427527
29.80000000 526.06821772 0.87427527
29.90000000 526.06821772 0.87427527
30.00000000 526.06821772 0.87427527
30.10000000 526.06821772 0.87427527
30.20000000 526.06821772 0.87427527
30.30000000 526.06821772 0.87427527
30.40000000 526.06821772 0.87427527
30.50000000 526.06821772 0.87427527
30.60000000 526.06821772 0.87427527
30.70000000 526.06821772 0.87427527
30.80000000 526.06821772 0.87427527
30.90000000 526.06821772 0.87427527
31.00000000 526.06821772 0.87427527
31.10000000 526.06821772 0.87427527
31.20000000 526.07027900 0.87427869
31.30000000 526.13453564 0.87438548
31.40000000 526.13453564 0.87438548
31.50000000 526.13453564 0.87438548
31.60000000 526.13453564 0.87438548
31.70000000 526.13453564 0.87438548
31.80000000 526.13453564 0.87438548
31.90000000 526.13453564 0.87438548
32.00000000 526.13453564 0.87438548
32.10000000 526.13453564 0.87438548
32.20000000 526.13453564 0.87438548
32.30000000 526.13453564 0.87438548
32.40000000 526.13453564 0.87438548
32.50000000 526.13453564 0.87438548
32.60000000 526.13453564 0.87438548
32.70000000 526.13453564 0.87438548
32.80000000 526.13453564 0.87438548
32.90000000 526.13735668 0.87439017
33.00000000 526.13735668 0.87439017
33.10000000 526.13735668 0.87439017
33.20000000 526.13735668 0.87439017
33.30000000 526.13735668 0.87439017
33.40000000 526.14015972 0.87439483
33.50000000 526.14015972 0.87439483
33.60000000 526.14015972 0.87439483
33.70000000 526.14015972 0.87439483
33.80000000 526.14015972 0.87439483
33.90000000 526.14015972 0.87439483
34.00000000 526.14015972 0.87439483
34.10000000 526.14015972 0.87439483
34.20000000 526.14015972 0.87439483
34.30000000 526.14015972 0.87439483
34.40000000 526.14015972 0.87439483
34.50000000 526.14015972 0.87439483
34.60000000 526.14015972 0.87439483
34.70000000 526.14015972 0.87439483
34.80000000 526.14296436 0.87439949
34.90000000 526.14296436 0.87439949
35.00000000 526.14296436 0.87439949
35.10000000 526.14296436 0.87439949
35.20000000 526.32982020 0.87471002
35.30000000 526.32982020 0.87471002
35.40000000 526.32982020 0.87471002
35.50000000 526.32982020 0.87471002
35.60000000 526.32982020 0.87471002
35.70000000 526.32982020 0.87471002
35.80000000 526.34001148 0.87472696
35.90000000 526.34001148 0.87472696
36.00000000 526.34001148 0.87472696
36.10000000 526.34001148 0.87472696
36.20000000 526.34001148 0.87472696
36.30000000 531.39903932 0.88313458
36.40000000 531.39903932 0.88313458
36.50000000 531.39903932 0.88313458
36.60000000 531.39903932 0.88313458
36.70000000 531.39903932 0.88313458
36.80000000 531.39903932 0.88313458
36.90000000 531.39903932 0.88313458
37.00000000 531.39903932 0.88313458
37.10000000 531.39903932 0.88313458
37.20000000 531.39903932 0.88313458
37.30000000 531.39903932 0.88313458
37.40000000 531.39903932 0.88313458
37.50000000 531.39903932 0.88313458
37.60000000 531.39903932 0.88313458
37.70000000 531.39903932 0.88313458
37.80000000 531.39903932 0.88313458
37.90000000 531.39903932 0.88313458
38.00000000 531.39903932 0.88313458
38.10000000 531.39903932 0.88313458
38.20000000 531.39903932 0.88313458
38.30000000 531.39903932 0.88313458
38.40000000 531.39903932 0.88313458
38.50000000 531.40133932 0.88313841
38.60000000 531.40133932 0.88313841
38.70000000 531.40133932 0.88313841
38.80000000 531.40231188 0.88314002
38.90000000 531.40231188 0.88314002
39.00000000 531.40231188 0.88314002
39.10000000 531.40231188 0.88314002
39.20000000 531.40231188 0.88314002
39.30000000 531.40231188 0.88314002
39.40000000 531.40231188 0.88314002
39.50000000 531.40231188 0.88314002
39.60000000 531.41910052 0.88316792
39.70000000 531.41910052 0.88316792
39.80000000 531.41910052 0.88316792
39.90000000 531.41910052 0.88316792
40.00000000 531.41910052 0.88316792
40.10000000 531.41910052 0.88316792
40.20000000 531.41910052 0.88316792
40.30000000 531.41910052 0.88316792
40.40000000 531.41910052 0.88316792
40.50000000 531.42024924 0.88316983
40.60000000 531.42024924 0.88316983
40.70000000 531.42024924 0.88316983
40.80000000 531.42024924 0.88316983
40.90000000 531.42024924 0.88316983
41.00000000 531.42024924 0.88316983
41.10000000 531.46516148 0.88324447
41.20000000 531.46516148 0.88324447
41.30000000 531.46879844 0.88325052
41.40000000 531.46879844 0.88325052
41.50000000 531.46879844 0.88325052
41.60000000 531.46879844 0.88325052
41.70000000 531.46879844 0.88325052
41.80000000 531.46879844 0.88325052
41.90000000 531.46879844 0.88325052
42.00000000 531.46879844 0.88325052
42.10000000 531.46879844 0.88325052
42.20000000 531.46879844 0.88325052
42.30000000 531.46879844 0.88325052
42.40000000 531.46879844 0.88325052
42.50000000 531.46879844 0.88325052
42.60000000 531.46979036 0.88325216
42.70000000 531.46979036 0.88325216
42.80000000 531.46979036 0.88325216
42.90000000 531.46979036 0.88325216
43.00000000 531.47184732 0.88325558
43.10000000 531.47184732 0.88325558
43.20000000 531.47184732 0.88325558
43.30000000 531.47184732 0.88325558
43.40000000 531.47184732 0.88325558
43.50000000 531.47410748 0.88325934
43.60000000 531.47410748 0.88325934
43.70000000 531.47410748 0.88325934
43.80000000 531.47410748 0.88325934
43.90000000 531.48052076 0.88327000
44.00000000 531.48052076 0.88327000
44.10000000 531.49787068 0.88329883
44.20000000 531.49787068 0.88329883
44.30000000 531.49787068 0.88329883
44.40000000 532.25137692 0.88455109
44.50000000 533.06400716 0.88590160
44.60000000 533.06400716 0.88590160
44.70000000 533.06400716 0.88590160
44.80000000 533.08016508 0.88592845
44.90000000 533.08016508 0.88592845
45.00000000 533.08016508 0.88592845
45.10000000 533.08016508 0.88592845
45.20000000 533.08173900 0.88593107
45.30000000 533.25256556 0.88621497
45.40000000 533.25256556 0.88621497
45.50000000 533.25256556 0.88621497
45.60000000 533.25256556 0.88621497
45.70000000 533.25256556 0.88621497
45.80000000 533.25256556 0.88621497
45.90000000 533.25256556 0.88621497
46.00000000 533.25256556 0.88621497
46.10000000 533.25256556 0.88621497
46.20000000 533.25256556 0.88621497
46.30000000 533.25256556 0.88621497
46.40000000 533.25256556 0.88621497
46.50000000 533.25256556 0.88621497
46.60000000 533.25256556 0.88621497
46.70000000 533.25256556 0.88621497
46.80000000 533.25256556 0.88621497
46.90000000 533.25442280 0.88621805
47.00000000 533.25442280 0.88621805
47.10000000 533.25442280 0.88621805
47.20000000 533.25442280 0.88621805
47.30000000 533.25442280 0.88621805
47.40000000 533.25442280 0.88621805
47.50000000 533.25442280 0.88621805
47.60000000 533.25571464 0.88622020
47.70000000 533.25571464 0.88622020
47.80000000 533.25571464 0.88622020
47.90000000 533.25571464 0.88622020
48.00000000 533.25571464 0.88622020
48.10000000 533.25571464 0.88622020
48.20000000 533.25571464 0.88622020
48.30000000 533.25571464 0.88622020
48.40000000 533.25571464 0.88622020
48.50000000 533.25571464 0.88622020
48.60000000 533.26581160 0.88623698
48.70000000 533.26826104 0.88624105
48.80000000 533.26826104 0.88624105
48.90000000 533.26826104 0.88624105
49.00000000 533.26826104 0.88624105
49.10000000 533.29915624 0.88629240
49.20000000 533.29915624 0.88629240
49.30000000 533.29915624 0.88629240
49.40000000 533.29915624 0.88629240
49.50000000 533.29915624 0.88629240
49.60000000 533.29915624 0.88629240
49.70000000 533.29915624 0.88629240
49.80000000 533.29915624 0.88629240
49.90000000 546.86161072 0.90883190
50.00000000 546.86161072 0.90883190
50.10000000 546.89296040 0.90888400
50.20000000 546.89296040 0.90888400
50.30000000 546.89296040 0.90888400
50.40000000 546.89296040 0.90888400
50.50000000 546.89296040 0.90888400
50.60000000 546.89296040 0.90888400
50.70000000 546.89296040 0.90888400
50.80000000 546.89296040 0.90888400
50.90000000 546.89296040 0.90888400
51.00000000 546.89599704 0.90888905
51.10000000 546.89599704 0.90888905
51.20000000 546.89599704 0.90888905
51.30000000 546.89599704 0.90888905
51.40000000 546.89599704 0.90888905
51.50000000 546.89599704 0.90888905
51.60000000 546.89599704 0.90888905
51.70000000 546.89599704 0.90888905
51.80000000 546.89599704 0.90888905
51.90000000 547.05512688 0.90915351
52.00000000 547.05512688 0.90915351
52.10000000 547.05512688 0.90915351
52.20000000 547.05512688 0.90915351
52.30000000 547.05512688 0.90915351
52.40000000 547.05512688 0.90915351
52.50000000 547.05512688 0.90915351
52.60000000 547.05512688 0.90915351
52.70000000 547.05654112 0.90915586
52.80000000 547.05654112 0.90915586
52.90000000 547.05654112 0.90915586
53.00000000 547.06029552 0.90916210
53.10000000 547.06029552 0.90916210
53.20000000 547.06029552 0.90916210
53.30000000 547.06029552 0.90916210
53.40000000 547.06029552 0.90916210
53.50000000 547.06029552 0.90916210
53.60000000 547.06029552 0.90916210
53.70000000 547.06029552 0.90916210
53.80000000 547.06029552 0.90916210
53.90000000 547.06029552 0.90916210
54.00000000 547.07459080 0.90918586
54.10000000 547.07459080 0.90918586
54.20000000 547.07459080 0.90918586
54.30000000 547.07459080 0.90918586
54.40000000 547.07459080 0.90918586
54.50000000 547.07459080 0.90918586
54.60000000 547.07459080 0.90918586
54.70000000 547.07459080 0.90918586
54.80000000 547.07459080 0.90918586
54.90000000 547.07459080 0.90918586
55.00000000 547.07459080 0.90918586
55.10000000 547.07459080 0.90918586
55.20000000 547.07459080 0.90918586
55.30000000 547.07459080 0.90918586
55.40000000 547.07459080 0.90918586
55.50000000 547.07459080 0.90918586
55.60000000 547.07459080 0.90918586
55.70000000 547.07459080 0.90918586
55.80000000 547.07459080 0.90918586
55.90000000 547.07459080 0.90918586
56.00000000 547.08262360 0.90919921
56.10000000 547.08262360 0.90919921
56.20000000 547.08262360 0.90919921
56.30000000 547.08262360 0.90919921
56.40000000 547.08262360 0.90919921
56.50000000 547.08262360 0.90919921
56.60000000 547.08262360 0.90919921
56.70000000 547.08262360 0.90919921
56.80000000 547.14072416 0.90929576
56.90000000 547.14072416 0.90929576
57.00000000 547.14072416 0.90929576
57.10000000 547.14072416 0.90929576
57.20000000 547.14072416 0.90929576
57.30000000 547.14072416 0.90929576
57.40000000 547.15658088 0.90932212
57.50000000 547.15658088 0.90932212
57.60000000 547.15658088 0.90932212
57.70000000 547.15658088 0.90932212
57.80000000 547.15658088 0.90932212
57.90000000 547.15658088 0.90932212
58.00000000 547.15658088 0.90932212
58.10000000 547.15658088 0.90932212
58.20000000 547.15658088 0.90932212
58.30000000 547.15658088 0.90932212
58.40000000 547.15658088 0.90932212
58.50000000 547.15658088 0.90932212
58.60000000 547.15658088 0.90932212
58.70000000 547.15658088 0.90932212
58.80000000 547.15658088 0.90932212
58.90000000 547.15658088 0.90932212
59.00000000 547.15658088 0.90932212
59.10000000 547.15658088 0.90932212
59.20000000 547.15658088 0.90932212
59.30000000 547.15658088 0.90932212
59.40000000 547.15658088 0.90932212
59.50000000 547.15658088 0.90932212
59.60000000 547.15658088 0.90932212
59.70000000 547.15658088 0.90932212
59.80000000 547.15658088 0.90932212
59.90000000 547.15658088 0.90932212
60.00000000 547.15658088 0.90932212
60.10000000 547.15658088 0.90932212
60.20000000 547.63033216 0.91010945
60.30000000 547.63033216 0.91010945
60.40000000 547.63033216 0.91010945
60.50000000 547.63244224 0.91011295
60.60000000 547.63244224 0.91011295
60.70000000 547.63244224 0.91011295
60.80000000 547.63244224 0.91011295
60.90000000 547.63244224 0.91011295
61.00000000 547.63244224 0.91011295
61.10000000 547.63244224 0.91011295
61.20000000 547.63244224 0.91011295
61.30000000 547.63244224 0.91011295
61.40000000 547.63244224 0.91011295
61.50000000 547.63244224 0.91011295
61.60000000 547.63244224 0.91011295
61.70000000 547.63244224 0.91011295
61.80000000 547.63244224 0.91011295
61.90000000 547.63244224 0.91011295
62.00000000 547.63244224 0.91011295
62.10000000 547.63244224 0.91011295
62.20000000 547.63244224 0.91011295
62.30000000 547.63244224 0.91011295
62.40000000 547.63244224 0.91011295
62.50000000 547.63244224 0.91011295
62.60000000 547.63244224 0.91011295
62.70000000 547.63244224 0.91011295
62.80000000 547.63244224 0.91011295
62.90000000 547.63244224 0.91011295
63.00000000 547.63244224 0.91011295
63.10000000 547.63244224 0.91011295
63.20000000 547.63244224 0.91011295
63.30000000 547.63244224 0.91011295
63.40000000 547.63244224 0.91011295
63.50000000 547.63244224 0.91011295
63.60000000 547.63244224 0.91011295
63.70000000 547.63244224 0.91011295
63.80000000 547.63244224 0.91011295
63.90000000 547.63244224 0.91011295
64.00000000 547.63244224 0.91011295
64.10000000 547.63244224 0.91011295
64.20000000 547.64657248 0.91013644
64.30000000 547.64657248 0.91013644
64.40000000 547.64657248 0.91013644
64.50000000 547.64657248 0.91013644
64.60000000 547.64810544 0.91013898
64.70000000 547.64810544 0.91013898
64.80000000 547.64810544 0.91013898
64.90000000 547.64810544 0.91013898
65.00000000 547.64810544 0.91013898
65.10000000 547.64810544 0.91013898
65.20000000 547.64810544 0.91013898
65.30000000 547.64810544 0.91013898
65.40000000 547.64810544 0.91013898
65.50000000 547.64810544 0.91013898
65.60000000 547.64810544 0.91013898
65.70000000 547.64810544 0.91013898
65.80000000 547.64973728 0.91014170
65.90000000 547.64973728 0.91014170
66.00000000 547.64973728 0.91014170
66.10000000 547.64973728 0.91014170
66.20000000 547.64973728 0.91014170
66.30000000 547.64973728 0.91014170
66.40000000 547.64973728 0.91014170
66.50000000 547.64973728 0.91014170
66.60000000 547.64973728 0.91014170
66.70000000 547.64973728 0.91014170
66.80000000 547.64973728 0.91014170
66.90000000 547.64973728 0.91014170
67.00000000 547.64973728 0.91014170
67.10000000 547.64973728 0.91014170
67.20000000 547.64973728 0.91014170
67.30000000 547.64973728 0.91014170
67.40000000 547.64973728 0.91014170
67.50000000 547.64973728 0.91014170
67.60000000 547.64973728 0.91014170
67.70000000 547.64973728 0.91014170
67.80000000 547.64973728 0.91014170
67.90000000 547.65062768 0.91014317
68.00000000 547.65062768 0.91014317
68.10000000 547.65171080 0.91014498
68.20000000 547.65171080 0.91014498
68.30000000 547.65171080 0.91014498
68.40000000 547.65171080 0.91014498
68.50000000 547.65171080 0.91014498
68.60000000 547.65171080 0.91014498
68.70000000 547.65171080 0.91014498
68.80000000 547.65171080 0.91014498
68.90000000 547.65171080 0.91014498
69.00000000 547.65171080 0.91014498
69.10000000 547.65171080 0.91014498
69.20000000 547.65171080 0.91014498
69.30000000 547.65171080 0.91014498
69.40000000 547.65171080 0.91014498
69.50000000 547.65171080 0.91014498
69.60000000 547.65171080 0.91014498
69.70000000 547.65171080 0.91014498
69.80000000 547.65171080 0.91014498
69.90000000 547.65171080 0.91014498
70.00000000 547.65171080 0.91014498
70.10000000 547.65171080 0.91014498
70.20000000 547.65171080 0.91014498
70.30000000 547.65171080 0.91014498
70.40000000 547.65171080 0.91014498
70.50000000 547.65171080 0.91014498
70.60000000 547.65171080 0.91014498
70.70000000 547.65171080 0.91014498
70.80000000 547.65171080 0.91014498
70.90000000 547.65171080 0.91014498
71.00000000 547.65171080 0.91014498
71.10000000 547.65171080 0.91014498
71.20000000 547.65171080 0.91014498
71.30000000 547.65171080 0.91014498
71.40000000 547.65171080 0.91014498
71.50000000 547.65171080 0.91014498
71.60000000 547.65171080 0.91014498
71.70000000 547.65171080 0.91014498
71.80000000 547.65171080 0.91014498
71.90000000 547.65171080 0.91014498
72.00000000 547.65171080 0.91014498
72.10000000 547.65171080 0.91014498
72.20000000 547.65171080 0.91014498
72.30000000 547.65814488 0.91015567
72.40000000 547.65814488 0.91015567
72.50000000 547.65814488 0.91015567
72.60000000 547.65814488 0.91015567
72.70000000 547.65814488 0.91015567
72.80000000 547.65814488 0.91015567
72.90000000 551.65774844 0.91680263
73.00000000 551.65774844 0.91680263
73.10000000 551.65774844 0.91680263
73.20000000 551.65774844 0.91680263
73.30000000 551.65774844 0.91680263
73.40000000 551.65774844 0.91680263
73.50000000 551.65774844 0.91680263
73.60000000 551.69001772 0.91685626
73.70000000 551.69251612 0.91686041
73.80000000 567.69052524 0.94344758
73.90000000 567.69052524 0.94344758
74.00000000 567.69052524 0.94344758
74.10000000 567.69052524 0.94344758
74.20000000 567.69052524 0.94344758
74.30000000 567.69052524 0.94344758
74.40000000 567.69052524 0.94344758
74.50000000 567.69052524 0.94344758
74.60000000 567.69268028 0.94345116
74.70000000 575.69139892 0.95674427
74.80000000 575.69139892 0.95674427
74.90000000 575.69139892 0.95674427
75.00000000 575.69139892 0.95674427
75.10000000 575.69139892 0.95674427
75.20000000 575.69139892 0.95674427
75.30000000 575.69139892 0.95674427
75.40000000 575.69139892 0.95674427
75.50000000 575.69139892 0.95674427
75.60000000 575.69139892 0.95674427
75.70000000 575.69139892 0.95674427
75.80000000 575.69139892 0.95674427
75.90000000 575.69139892 0.95674427
76.00000000 575.69139892 0.95674427
76.10000000 575.69139892 0.95674427
76.20000000 575.69139892 0.95674427
76.30000000 575.69139892 0.95674427
76.40000000 575.69139892 0.95674427
76.50000000 575.70967132 0.95677463
76.60000000 575.70967132 0.95677463
76.70000000 583.70880372 0.97006843
76.80000000 583.70880372 0.97006843
76.90000000 583.70880372 0.97006843
77.00000000 583.70880372 0.97006843
77.10000000 583.70880372 0.97006843
77.20000000 583.70880372 0.97006843
77.30000000 583.70880372 0.97006843
77.40000000 583.70880372 0.97006843
77.50000000 583.70880372 0.97006843
77.60000000 583.70880372 0.97006843
77.70000000 583.70880372 0.97006843
77.80000000 591.70534780 0.98335792
77.90000000 593.29660004 0.98600243
78.00000000 593.29660004 0.98600243
78.10000000 593.29660004 0.98600243
78.20000000 593.29660004 0.98600243
78.30000000 593.29660004 0.98600243
78.40000000 593.29660004 0.98600243
78.50000000 593.29660004 0.98600243
78.60000000 593.29871636 0.98600595
78.70000000 593.29871636 0.98600595
78.80000000 593.29871636 0.98600595
78.90000000 593.29871636 0.98600595
79.00000000 593.29871636 0.98600595
79.10000000 593.30980788 0.98602438
79.20000000 593.30980788 0.98602438
79.30000000 593.30980788 0.98602438
79.40000000 593.30980788 0.98602438
79.50000000 593.30980788 0.98602438
79.60000000 593.30980788 0.98602438
79.70000000 593.30980788 0.98602438
79.80000000 593.30980788 0.98602438
79.90000000 593.30980788 0.98602438
80.00000000 593.30980788 0.98602438
80.10000000 593.30980788 0.98602438
80.20000000 593.30980788 0.98602438
80.30000000 593.30980788 0.98602438
80.40000000 593.30980788 0.98602438
80.50000000 593.30980788 0.98602438
80.60000000 593.30980788 0.98602438
80.70000000 593.30980788 0.98602438
80.80000000 593.30980788 0.98602438
80.90000000 593.30980788 0.98602438
81.00000000 593.30980788 0.98602438
81.10000000 593.30980788 0.98602438
81.20000000 593.30980788 0.98602438
81.30000000 593.31690012 0.98603617
81.40000000 593.31690012 0.98603617
81.50000000 593.31690012 0.98603617
81.60000000 593.31690012 0.98603617
81.70000000 593.31690012 0.98603617
81.80000000 593.31690012 0.98603617
81.90000000 593.31690012 0.98603617
82.00000000 593.31690012 0.98603617
82.10000000 593.31690012 0.98603617
82.20000000 593.31690012 0.98603617
82.30000000 593.31690012 0.98603617
82.40000000 593.31690012 0.98603617
82.50000000 593.31690012 0.98603617
82.60000000 593.31690012 0.98603617
82.70000000 593.31690012 0.98603617
82.80000000 593.31690012 0.98603617
82.90000000 593.31690012 0.98603617
83.00000000 593.31690012 0.98603617
83.10000000 593.31690012 0.98603617
83.20000000 593.31690012 0.98603617
83.30000000 593.31690012 0.98603617
83.40000000 593.31690012 0.98603617
83.50000000 593.31690012 0.98603617
83.60000000 593.31690012 0.98603617
83.70000000 593.31690012 0.98603617
83.80000000 593.31690012 0.98603617
83.90000000 601.22183372 0.99917342
84.00000000 601.22183372 0.99917342
84.10000000 601.22183372 0.99917342
84.20000000 601.22183372 0.99917342
84.30000000 601.22183372 0.99917342
84.40000000 601.22183372 0.99917342
84.50000000 601.22183372 0.99917342
84.60000000 601.22183372 0.99917342
84.70000000 601.22183372 0.99917342
84.80000000 601.22183372 0.99917342
84.90000000 601.22183372 0.99917342
85.00000000 601.22183372 0.99917342
85.10000000 601.22183372 0.99917342
85.20000000 601.22183372 0.99917342
85.30000000 601.22508596 0.99917882
85.40000000 601.22508596 0.99917882
85.50000000 601.22508596 0.99917882
85.60000000 601.22508596 0.99917882
85.70000000 601.22508596 0.99917882
85.80000000 601.22508596 0.99917882
85.90000000 601.22508596 0.99917882
86.00000000 601.22508596 0.99917882
86.10000000 601.22508596 0.99917882
86.20000000 601.22508596 0.99917882
86.30000000 601.22508596 0.99917882
86.40000000 601.22508596 0.99917882
86.50000000 601.22508596 0.99917882
86.60000000 601.22508596 0.99917882
86.70000000 601.64937500 0.99988395
86.80000000 601.64937500 0.99988395
86.90000000 601.64937500 0.99988395
87.00000000 601.64937500 0.99988395
87.10000000 601.64937500 0.99988395
87.20000000 601.64937500 0.99988395
87.30000000 601.64937500 0.99988395
87.40000000 601.64937500 0.99988395
87.50000000 601.64937500 0.99988395
87.60000000 601.64937500 0.99988395
87.70000000 601.64937500 0.99988395
87.80000000 601.64937500 0.99988395
87.90000000 601.64937500 0.99988395
88.00000000 601.64937500 0.99988395
88.10000000 601.64937500 0.99988395
88.20000000 601.64937500 0.99988395
88.30000000 601.64937500 0.99988395
88.40000000 601.64937500 0.99988395
88.50000000 601.64937500 0.99988395
88.60000000 601.64937500 0.99988395
88.70000000 601.64937500 0.99988395
88.80000000 601.64937500 0.99988395
88.90000000 601.64937500 0.99988395
89.00000000 601.64937500 0.99988395
89.10000000 601.64937500 0.99988395
89.20000000 601.64937500 0.99988395
89.30000000 601.71802524 0.99999804
89.40000000 601.71802524 0.99999804
89.50000000 601.71920500 1.00000000
89.60000000 601.71920500 1.00000000
89.70000000 601.71920500 1.00000000
89.80000000 601.71920500 1.00000000
89.90000000 601.71920500 1.00000000
90.00000000 601.71920500 1.00000000
