# Theta (deg), Enclosed Intensity, Normalized Enclosed Intensity
0.00000000 0.00000000 0.00000000
0.10000000 0.00000000 0.00000000
0.20000000 0.00000000 0.00000000
0.30000000 0.00000000 0.00000000
0.40000000 0.00000000 0.00000000
0.50000000 3.96370268 0.00610596
0.60000000 3.96370268 0.00610596
0.70000000 3.96370268 0.00610596
0.80000000 25.19850452 0.03881753
0.90000000 25.19850452 0.03881753
1.00000000 25.19850452 0.03881753
1.10000000 25.19850452 0.03881753
1.20000000 25.19850452 0.03881753
1.30000000 25.19850452 0.03881753
1.40000000 25.19850452 0.03881753
1.50000000 25.19850452 0.03881753
1.60000000 28.74389480 0.04427910
1.70000000 28.74389480 0.04427910
1.80000000 28.74389480 0.04427910
1.90000000 28.74389480 0.04427910
2.00000000 40.61364296 0.06256409
2.10000000 44.57735048 0.06867006
2.20000000 44.57735048 0.06867006
2.30000000 44.57735048 0.06867006
2.40000000 52.50438912 0.08088142
2.50000000 60.43055584 0.09309144
2.60000000 60.43055584 0.09309144
2.70000000 74.69057968 0.11505858
2.80000000 74.69057968 0.11505858
2.90000000 74.69057968 0.11505858
3.00000000 81.95791040 0.12625368
3.10000000 81.95791040 0.12625368
3.20000000 81.95791040 0.12625368
3.30000000 81.95791040 0.12625368
3.40000000 81.95791040 0.12625368
3.50000000 81.95791040 0.12625368
3.60000000 81.95791040 0.12625368
3.70000000 81.95791040 0.12625368
3.80000000 81.95791040 0.12625368
3.90000000 81.95791040 0.12625368
4.00000000 81.95791040 0.12625368
4.10000000 81.95791040 0.12625368
4.20000000 81.95791040 0.12625368
4.30000000 89.86260192 0.13843062
4.40000000 89.86260192 0.13843062
4.50000000 89.86260192 0.13843062
4.60000000 93.81996964 0.14452682
4.70000000 117.58690956 0.18113908
4.80000000 117.58690956 0.18113908
4.90000000 117.58690956 0.18113908
5.00000000 117.58690956 0.18113908
5.10000000 117.58690956 0.18113908
5.20000000 117.58690956 0.18113908
5.30000000 117.58690956 0.18113908
5.40000000 117.58690956 0.18113908
5.50000000 117.58690956 0.18113908
5.60000000 117.58690956 0.18113908
5.70000000 117.58690956 0.18113908
5.80000000 125.38316852 0.19314898
5.90000000 125.53022436 0.19337551
6.00000000 125.53022436 0.19337551
6.10000000 125.53022436 0.19337551
6.20000000 125.53022436 0.19337551
6.30000000 125.57813620 0.19344932
6.40000000 133.42588940 0.20553855
6.50000000 133.42588940 0.20553855
6.60000000 133.42588940 0.20553855
6.70000000 133.42588940 0.20553855
6.80000000 133.42588940 0.20553855
6.90000000 133.42588940 0.20553855
7.00000000 133.45793924 0.20558792
7.10000000 141.90954428 0.21860736
7.20000000 149.79965852 0.23076184
7.30000000 165.59999468 0.25510178
7.40000000 165.59999468 0.25510178
7.50000000 169.55351484 0.26119206
7.60000000 177.46915268 0.27338586
7.70000000 184.98552124 0.28496460
7.80000000 185.02956364 0.28503244
7.90000000 185.02956364 0.28503244
8.00000000 185.02956364 0.28503244
8.10000000 185.02956364 0.28503244
8.20000000 185.02956364 0.28503244
8.30000000 185.02956364 0.28503244
8.40000000 185.02956364 0.28503244
8.50000000 185.02956364 0.28503244
8.60000000 197.01039180 0.30348855
8.70000000 197.01039180 0.30348855
8.80000000 197.01814576 0.30350049
8.90000000 197.01814576 0.30350049
9.00000000 197.01814576 0.30350049
9.10000000 197.01814576 0.30350049
9.20000000 197.01814576 0.30350049
9.30000000 217.98136400 0.33579370
9.40000000 217.98136400 0.33579370
9.50000000 217.98136400 0.33579370
9.60000000 217.98136400 0.33579370
9.70000000 217.98136400 0.33579370
9.80000000 233.55680960 0.35978720
9.90000000 233.55680960 0.35978720
10.00000000 233.55680960 0.35978720
10.10000000 233.55680960 0.35978720
10.20000000 233.55680960 0.35978720
10.30000000 233.55680960 0.35978720
10.40000000 233.55680960 0.35978720
10.50000000 241.39963736 0.37186884
10.60000000 241.47556640 0.37198580
10.70000000 241.47556640 0.37198580
10.80000000 241.47556640 0.37198580
10.90000000 241.48376200 0.37199843
11.00000000 257.24749976 0.39628199
11.10000000 269.08836900 0.41452249
11.20000000 269.08836900 0.41452249
11.30000000 269.08836900 0.41452249
11.40000000 269.08836900 0.41452249
11.50000000 269.08836900 0.41452249
11.60000000 269.08836900 0.41452249
11.70000000 269.08836900 0.41452249
11.80000000 269.08836900 0.41452249
11.90000000 269.08836900 0.41452249
12.00000000 269.08836900 0.41452249
12.10000000 269.09449068 0.41453192
12.20000000 269.09449068 0.41453192
12.30000000 269.09449068 0.41453192
12.40000000 269.09449068 0.41453192
12.50000000 269.09449068 0.41453192
12.60000000 269.09449068 0.41453192
12.70000000 269.09449068 0.41453192
12.80000000 269.09449068 0.41453192
12.90000000 269.09449068 0.41453192
13.00000000 269.09449068 0.41453192
13.10000000 269.09449068 0.41453192
13.20000000 269.09449068 0.41453192
13.30000000 284.24433436 0.43786980
13.40000000 284.24433436 0.43786980
13.50000000 284.24433436 0.43786980
13.60000000 284.24433436 0.43786980
13.70000000 284.24433436 0.43786980
13.80000000 284.24433436 0.43786980
13.90000000 284.24433436 0.43786980
14.00000000 284.24433436 0.43786980
14.10000000 284.24433436 0.43786980
14.20000000 284.24433436 0.43786980
14.30000000 297.83530412 0.45880627
14.40000000 297.83530412 0.45880627
14.50000000 297.83530412 0.45880627
14.60000000 305.57232044 0.47072491
14.70000000 305.57232044 0.47072491
14.80000000 305.57232044 0.47072491
14.90000000 305.57232044 0.47072491
15.00000000 305.57232044 0.47072491
15.10000000 321.15591932 0.49473098
15.20000000 321.15591932 0.49473098
15.30000000 328.96741076 0.50676434
15.40000000 328.96741076 0.50676434
15.50000000 336.80869124 0.51884360
15.60000000 336.80869124 0.51884360
15.70000000 336.80869124 0.51884360
15.80000000 343.26670644 0.52879198
15.90000000 343.26670644 0.52879198
16.00000000 343.26670644 0.52879198
16.10000000 343.26670644 0.52879198
16.20000000 343.26670644 0.52879198
16.30000000 343.26670644 0.52879198
16.40000000 343.26670644 0.52879198
16.50000000 343.26670644 0.52879198
16.60000000 343.26670644 0.52879198
16.70000000 343.26670644 0.52879198
16.80000000 343.26670644 0.52879198
16.90000000 343.26670644 0.52879198
17.00000000 343.26670644 0.52879198
17.10000000 343.26670644 0.52879198
17.20000000 343.26670644 0.52879198
17.30000000 343.26670644 0.52879198
17.40000000 343.26670644 0.52879198
17.50000000 343.26670644 0.52879198
17.60000000 343.26670644 0.52879198
17.70000000 343.31850796 0.52887177
17.80000000 343.31850796 0.52887177
17.90000000 350.39812972 0.53977772
18.00000000 350.39812972 0.53977772
18.10000000 350.39812972 0.53977772
18.20000000 350.39812972 0.53977772
18.30000000 350.39812972 0.53977772
18.40000000 350.39812972 0.53977772
18.50000000 350.39812972 0.53977772
18.60000000 364.83640444 0.56201944
18.70000000 364.83640444 0.56201944
18.80000000 364.83640444 0.56201944
18.90000000 364.83640444 0.56201944
19.00000000 364.83640444 0.56201944
19.10000000 364.83640444 0.56201944
19.20000000 372.21335868 0.57338342
19.30000000 372.21335868 0.57338342
19.40000000 372.21335868 0.57338342
19.50000000 372.21335868 0.57338342
19.60000000 372.21335868 0.57338342
19.70000000 379.65236564 0.58484298
19.80000000 379.65236564 0.58484298
19.90000000 379.65236564 0.58484298
20.00000000 379.65236564 0.58484298
20.10000000 379.65236564 0.58484298
20.20000000 379.65236564 0.58484298
20.30000000 379.65236564 0.58484298
20.40000000 379.65236564 0.58484298
20.50000000 379.65236564 0.58484298
20.60000000 379.90306476 0.58522918
20.70000000 379.90306476 0.58522918
20.80000000 387.52463284 0.59696997
20.90000000 387.52463284 0.59696997
21.00000000 395.19115428 0.60878002
21.10000000 395.19115428 0.60878002
21.20000000 395.19115428 0.60878002
21.30000000 402.91478884 0.62067804
21.40000000 402.91478884 0.62067804
21.50000000 402.91478884 0.62067804
21.60000000 402.91478884 0.62067804
21.70000000 402.91478884 0.62067804
21.80000000 402.91478884 0.62067804
21.90000000 402.91478884 0.62067804
22.00000000 402.91478884 0.62067804
22.10000000 402.91816508 0.62068324
22.20000000 407.67918660 0.62801745
22.30000000 407.67918660 0.62801745
22.40000000 407.67918660 0.62801745
22.50000000 407.67918660 0.62801745
22.60000000 407.67918660 0.62801745
22.70000000 407.67918660 0.62801745
22.80000000 407.67918660 0.62801745
22.90000000 407.67918660 0.62801745
23.00000000 407.67918660 0.62801745
23.10000000 407.67918660 0.62801745
23.20000000 407.67918660 0.62801745
23.30000000 407.67918660 0.62801745
23.40000000 407.67918660 0.62801745
23.50000000 407.70796852 0.62806179
23.60000000 407.73093476 0.62809717
23.70000000 407.73093476 0.62809717
23.80000000 413.24410420 0.63659004
23.90000000 414.03613624 0.63781014
24.00000000 414.03613624 0.63781014
24.10000000 414.03613624 0.63781014
24.20000000 414.03613624 0.63781014
24.30000000 414.23380348 0.63811464
24.40000000 414.24856852 0.63813739
24.50000000 414.24856852 0.63813739
24.60000000 414.24856852 0.63813739
24.70000000 414.24856852 0.63813739
24.80000000 414.24856852 0.63813739
24.90000000 414.24856852 0.63813739
25.00000000 414.24856852 0.63813739
25.10000000 414.27274804 0.63817463
25.20000000 414.27274804 0.63817463
25.30000000 414.27274804 0.63817463
25.40000000 414.27274804 0.63817463
25.50000000 414.27274804 0.63817463
25.60000000 414.27274804 0.63817463
25.70000000 414.32307508 0.63825216
25.80000000 414.32307508 0.63825216
25.90000000 414.32307508 0.63825216
26.00000000 414.43746108 0.63842837
26.10000000 433.61129940 0.66796509
26.20000000 433.61129940 0.66796509
26.30000000 433.61129940 0.66796509
26.40000000 433.61129940 0.66796509
26.50000000 433.75013748 0.66817896
26.60000000 433.75363668 0.66818435
26.70000000 433.75363668 0.66818435
26.80000000 433.77485956 0.66821705
26.90000000 433.77485956 0.66821705
27.00000000 433.77485956 0.66821705
27.10000000 433.77485956 0.66821705
27.20000000 433.77485956 0.66821705
27.30000000 434.01325312 0.66858428
27.40000000 434.01325312 0.66858428
27.50000000 440.88417080 0.67916873
27.60000000 440.88417080 0.67916873
27.70000000 440.88417080 0.67916873
27.80000000 440.88417080 0.67916873
27.90000000 440.88844088 0.67917530
28.00000000 447.92225768 0.69001069
28.10000000 447.92225768 0.69001069
28.20000000 447.92225768 0.69001069
28.30000000 447.92225768 0.69001069
28.40000000 447.92225768 0.69001069
28.50000000 447.92225768 0.69001069
28.60000000 447.92540968 0.69001554
28.70000000 462.46509976 0.71241349
28.80000000 462.46509976 0.71241349
28.90000000 462.46509976 0.71241349
29.00000000 462.46509976 0.71241349
29.10000000 462.67918408 0.71274328
29.20000000 462.67918408 0.71274328
29.30000000 462.68054640 0.71274538
29.40000000 470.17165712 0.72428521
29.50000000 470.17165712 0.72428521
29.60000000 470.17165712 0.72428521
29.70000000 470.17165712 0.72428521
29.80000000 470.17165712 0.72428521
29.90000000 470.17165712 0.72428521
30.00000000 470.17165712 0.72428521
30.10000000 470.17165712 0.72428521
30.20000000 470.17165712 0.72428521
30.30000000 470.17165712 0.72428521
30.40000000 470.17165712 0.72428521
30.50000000 470.17165712 0.72428521
30.60000000 470.17165712 0.72428521
30.70000000 470.17255896 0.72428660
30.80000000 470.17255896 0.72428660
30.90000000 470.17255896 0.72428660
31.00000000 470.17255896 0.72428660
31.10000000 470.17255896 0.72428660
31.20000000 470.17255896 0.72428660
31.30000000 470.17255896 0.72428660
31.40000000 470.17255896 0.72428660
31.50000000 470.17255896 0.72428660
31.60000000 470.17255896 0.72428660
31.70000000 470.17255896 0.72428660
31.80000000 470.17255896 0.72428660
31.90000000 470.54775632 0.72486458
32.00000000 470.54775632 0.72486458
32.10000000 470.54878280 0.72486616
32.20000000 470.54878280 0.72486616
32.30000000 470.54878280 0.72486616
32.40000000 470.54878280 0.72486616
32.50000000 470.54878280 0.72486616
32.60000000 470.54878280 0.72486616
32.70000000 470.54878280 0.72486616
32.80000000 470.54878280 0.72486616
32.90000000 470.54878280 0.72486616
33.00000000 470.54878280 0.72486616
33.10000000 470.54878280 0.72486616
33.20000000 470.54878280 0.72486616
33.30000000 470.54878280 0.72486616
33.40000000 470.54878280 0.72486616
33.50000000 470.54878280 0.72486616
33.60000000 470.54878280 0.72486616
33.70000000 470.54878280 0.72486616
33.80000000 470.54878280 0.72486616
33.90000000 470.54878280 0.72486616
34.00000000 470.54878280 0.72486616
34.10000000 470.54878280 0.72486616
34.20000000 470.54878280 0.72486616
34.30000000 470.54878280 0.72486616
34.40000000 470.54878280 0.72486616
34.50000000 470.54878280 0.72486616
34.60000000 470.54878280 0.72486616
34.70000000 470.54878280 0.72486616
34.80000000 470.55221160 0.72487144
34.90000000 470.55221160 0.72487144
35.00000000 470.55221160 0.72487144
35.10000000 470.55221160 0.72487144
35.20000000 470.55221160 0.72487144
35.30000000 470.55221160 0.72487144
35.40000000 470.55221160 0.72487144
35.50000000 470.55221160 0.72487144
35.60000000 470.55221160 0.72487144
35.70000000 470.55221160 0.72487144
35.80000000 470.55221160 0.72487144
35.90000000 470.55221160 0.72487144
36.00000000 470.55221160 0.72487144
36.10000000 470.55221160 0.72487144
36.20000000 470.55221160 0.72487144
36.30000000 470.55221160 0.72487144
36.40000000 470.55221160 0.72487144
36.50000000 470.55221160 0.72487144
36.60000000 470.55221160 0.72487144
36.70000000 470.55221160 0.72487144
36.80000000 470.55221160 0.72487144
36.90000000 470.55221160 0.72487144
37.00000000 470.55221160 0.72487144
37.10000000 470.55221160 0.72487144
37.20000000 470.55221160 0.72487144
37.30000000 470.55221160 0.72487144
37.40000000 470.55221160 0.72487144
37.50000000 470.55221160 0.72487144
37.60000000 470.55221160 0.72487144
37.70000000 470.55221160 0.72487144
37.80000000 470.55221160 0.72487144
37.90000000 470.55221160 0.72487144
38.00000000 470.55221160 0.72487144
38.10000000 470.55221160 0.72487144
38.20000000 470.55221160 0.72487144
38.30000000 470.55221160 0.72487144
38.40000000 470.55221160 0.72487144
38.50000000 479.91796616 0.73929911
38.60000000 479.91796616 0.73929911
38.70000000 479.91796616 0.73929911
38.80000000 479.91796616 0.73929911
38.90000000 479.91796616 0.73929911
39.00000000 479.91796616 0.73929911
39.10000000 479.91796616 0.73929911
39.20000000 479.91796616 0.73929911
39.30000000 479.91796616 0.73929911
39.40000000 479.91796616 0.73929911
39.50000000 479.91796616 0.73929911
39.60000000 485.29968200 0.74758948
39.70000000 485.29968200 0.74758948
39.80000000 485.29968200 0.74758948
39.90000000 485.29968200 0.74758948
40.00000000 485.36907392 0.74769637
40.10000000 485.36907392 0.74769637
40.20000000 485.36907392 0.74769637
40.30000000 491.25674192 0.75676615
40.40000000 491.25674192 0.75676615
40.50000000 491.25674192 0.75676615
40.60000000 491.25674192 0.75676615
40.70000000 491.25674192 0.75676615
40.80000000 491.25674192 0.75676615
40.90000000 503.78658064 0.77606798
41.00000000 503.78658064 0.77606798
41.10000000 503.78658064 0.77606798
41.20000000 503.78658064 0.77606798
41.30000000 507.06320140 0.78111552
41.40000000 507.06320140 0.78111552
41.50000000 507.06320140 0.78111552
41.60000000 507.58076776 0.78191282
41.70000000 507.58076776 0.78191282
41.80000000 514.53767504 0.79262972
41.90000000 521.63866064 0.80356857
42.00000000 521.63866064 0.80356857
42.10000000 521.63866064 0.80356857
42.20000000 521.63866064 0.80356857
42.30000000 521.63866064 0.80356857
42.40000000 521.63866064 0.80356857
42.50000000 521.63866064 0.80356857
42.60000000 521.63866064 0.80356857
42.70000000 521.63866064 0.80356857
42.80000000 521.63866064 0.80356857
42.90000000 521.63866064 0.80356857
43.00000000 521.63866064 0.80356857
43.10000000 521.63866064 0.80356857
43.20000000 521.63866064 0.80356857
43.30000000 521.63866064 0.80356857
43.40000000 521.63866064 0.80356857
43.50000000 521.63866064 0.80356857
43.60000000 521.63866064 0.80356857
43.70000000 521.63866064 0.80356857
43.80000000 521.63866064 0.80356857
43.90000000 521.63866064 0.80356857
44.00000000 521.63866064 0.80356857
44.10000000 521.63866064 0.80356857
44.20000000 521.63866064 0.80356857
44.30000000 521.63866064 0.80356857
44.40000000 521.63866064 0.80356857
44.50000000 521.63866064 0.80356857
44.60000000 521.63866064 0.80356857
44.70000000 521.63866064 0.80356857
44.80000000 521.63866064 0.80356857
44.90000000 521.63866064 0.80356857
45.00000000 521.63866064 0.80356857
45.10000000 521.63866064 0.80356857
45.20000000 521.63866064 0.80356857
45.30000000 521.63866064 0.80356857
45.40000000 521.63866064 0.80356857
45.50000000 521.66365440 0.80360708
45.60000000 521.66365440 0.80360708
45.70000000 521.66365440 0.80360708
45.80000000 521.66365440 0.80360708
45.90000000 521.66365440 0.80360708
46.00000000 521.66365440 0.80360708
46.10000000 521.66365440 0.80360708
46.20000000 521.66365440 0.80360708
46.30000000 521.66365440 0.80360708
46.40000000 521.66365440 0.80360708
46.50000000 521.66365440 0.80360708
46.60000000 521.66365440 0.80360708
46.70000000 521.66365440 0.80360708
46.80000000 521.66365440 0.80360708
46.90000000 521.66365440 0.80360708
47.00000000 521.66365440 0.80360708
47.10000000 521.66365440 0.80360708
47.20000000 521.66365440 0.80360708
47.30000000 521.66365440 0.80360708
47.40000000 521.66365440 0.80360708
47.50000000 521.66365440 0.80360708
47.60000000 521.66365440 0.80360708
47.70000000 521.66473032 0.80360873
47.80000000 521.66473032 0.80360873
47.90000000 521.66473032 0.80360873
48.00000000 521.66473032 0.80360873
48.10000000 521.66473032 0.80360873
48.20000000 521.66473032 0.80360873
48.30000000 521.66473032 0.80360873
48.40000000 521.66473032 0.80360873
48.50000000 521.66473032 0.80360873
48.60000000 521.66473032 0.80360873
48.70000000 521.66473032 0.80360873
48.80000000 521.66473032 0.80360873
48.90000000 521.66473032 0.80360873
49.00000000 521.66473032 0.80360873
49.10000000 521.66473032 0.80360873
49.20000000 521.66473032 0.80360873
49.30000000 521.66473032 0.80360873
49.40000000 521.66835968 0.80361432
49.50000000 521.66835968 0.80361432
49.60000000 521.66835968 0.80361432
49.70000000 521.66835968 0.80361432
49.80000000 521.66835968 0.80361432
49.90000000 521.66835968 0.80361432
50.00000000 521.66835968 0.80361432
50.10000000 521.66835968 0.80361432
50.20000000 521.66835968 0.80361432
50.30000000 521.67066864 0.80361788
50.40000000 521.69759832 0.80365937
50.50000000 521.69759832 0.80365937
50.60000000 521.69759832 0.80365937
50.70000000 521.69759832 0.80365937
50.80000000 521.69759832 0.80365937
50.90000000 521.69759832 0.80365937
51.00000000 521.69759832 0.80365937
51.10000000 521.70059352 0.80366398
51.20000000 521.70059352 0.80366398
51.30000000 521.70059352 0.80366398
51.40000000 521.70059352 0.80366398
51.50000000 521.70059352 0.80366398
51.60000000 521.70059352 0.80366398
51.70000000 521.70059352 0.80366398
51.80000000 521.70059352 0.80366398
51.90000000 521.70059352 0.80366398
52.00000000 521.70059352 0.80366398
52.10000000 521.70059352 0.80366398
52.20000000 521.70059352 0.80366398
52.30000000 521.73031496 0.80370976
52.40000000 521.73031496 0.80370976
52.50000000 521.73031496 0.80370976
52.60000000 521.73031496 0.80370976
52.70000000 521.73031496 0.80370976
52.80000000 521.73031496 0.80370976
52.90000000 521.73031496 0.80370976
53.00000000 521.74634468 0.80373446
53.10000000 521.74634468 0.80373446
53.20000000 521.74634468 0.80373446
53.30000000 521.74753996 0.80373630
53.40000000 521.74753996 0.80373630
53.50000000 521.74753996 0.80373630
53.60000000 521.74753996 0.80373630
53.70000000 521.74753996 0.80373630
53.80000000 521.74753996 0.80373630
53.90000000 521.74753996 0.80373630
54.00000000 521.74753996 0.80373630
54.10000000 521.74753996 0.80373630
54.20000000 521.74753996 0.80373630
54.30000000 521.74753996 0.80373630
54.40000000 521.74753996 0.80373630
54.50000000 521.74753996 0.80373630
54.60000000 521.74753996 0.80373630
54.70000000 521.74753996 0.80373630
54.80000000 521.74753996 0.80373630
54.90000000 521.74753996 0.80373630
55.00000000 521.74753996 0.80373630
55.10000000 521.74753996 0.80373630
55.20000000 521.74753996 0.80373630
55.30000000 521.74753996 0.80373630
55.40000000 521.74869252 0.80373807
55.50000000 521.74869252 0.80373807
55.60000000 521.74869252 0.80373807
55.70000000 521.74869252 0.80373807
55.80000000 521.75541580 0.80374843
55.90000000 521.75541580 0.80374843
56.00000000 521.75541580 0.80374843
56.10000000 521.76878564 0.80376903
56.20000000 521.76878564 0.80376903
56.30000000 521.76878564 0.80376903
56.40000000 521.76878564 0.80376903
56.50000000 521.76878564 0.80376903
56.60000000 521.76878564 0.80376903
56.70000000 521.76878564 0.80376903
56.80000000 521.76878564 0.80376903
56.90000000 521.76878564 0.80376903
57.00000000 521.76878564 0.80376903
57.10000000 521.76878564 0.80376903
57.20000000 521.76878564 0.80376903
57.30000000 521.77782740 0.80378296
57.40000000 521.77782740 0.80378296
57.50000000 521.77782740 0.80378296
57.60000000 521.77782740 0.80378296
57.70000000 521.77782740 0.80378296
57.80000000 521.77782740 0.80378296
57.90000000 521.77782740 0.80378296
58.00000000 521.77782740 0.80378296
58.10000000 521.77782740 0.80378296
58.20000000 521.77782740 0.80378296
58.30000000 521.77782740 0.80378296
58.40000000 521.77782740 0.80378296
58.50000000 521.77782740 0.80378296
58.60000000 521.77782740 0.80378296
58.70000000 521.77782740 0.80378296
58.80000000 521.77782740 0.80378296
58.90000000 521.77782740 0.80378296
59.00000000 521.77782740 0.80378296
59.10000000 521.77782740 0.80378296
59.20000000 521.77782740 0.80378296
59.30000000 521.77782740 0.80378296
59.40000000 521.77782740 0.80378296
59.50000000 521.77782740 0.80378296
59.60000000 521.77782740 0.80378296
59.70000000 521.77782740 0.80378296
59.80000000 521.77782740 0.80378296
59.90000000 521.77782740 0.80378296
60.00000000 521.77782740 0.80378296
60.10000000 521.77782740 0.80378296
60.20000000 521.77782740 0.80378296
60.30000000 521.77782740 0.80378296
60.40000000 521.77782740 0.80378296
60.50000000 521.77782740 0.80378296
60.60000000 521.77782740 0.80378296
60.70000000 521.77782740 0.80378296
60.80000000 521.77782740 0.80378296
60.90000000 521.77782740 0.80378296
61.00000000 521.77782740 0.80378296
61.10000000 521.77782740 0.80378296
61.20000000 521.77782740 0.80378296
61.30000000 521.77782740 0.80378296
61.40000000 521.77782740 0.80378296
61.50000000 521.77782740 0.80378296
61.60000000 521.77782740 0.80378296
61.70000000 521.77782740 0.80378296
61.80000000 521.77782740 0.80378296
61.90000000 521.77782740 0.80378296
62.00000000 521.77782740 0.80378296
62.10000000 521.77782740 0.80378296
62.20000000 521.85831132 0.80390694
62.30000000 521.85831132 0.80390694
62.40000000 521.85831132 0.80390694
62.50000000 521.86214060 0.80391284
62.60000000 521.86214060 0.80391284
62.70000000 521.86214060 0.80391284
62.80000000 521.86214060 0.80391284
62.90000000 521.86214060 0.80391284
63.00000000 521.86214060 0.80391284
63.10000000 521.86214060 0.80391284
63.20000000 521.86214060 0.80391284
63.30000000 521.86214060 0.80391284
63.40000000 521.86214060 0.80391284
63.50000000 521.86214060 0.80391284
63.60000000 521.86214060 0.80391284
63.70000000 521.86214060 0.80391284
63.80000000 521.86214060 0.80391284
63.90000000 521.86214060 0.80391284
64.00000000 521.86214060 0.80391284
64.10000000 521.86214060 0.80391284
64.20000000 521.86214060 0.80391284
64.30000000 521.86214060 0.80391284
64.40000000 521.86214060 0.80391284
64.50000000 521.86214060 0.80391284
64.60000000 521.86214060 0.80391284
64.70000000 521.86214060 0.80391284
64.80000000 521.86214060 0.80391284
64.90000000 521.86214060 0.80391284
65.00000000 521.86214060 0.80391284
65.10000000 529.86204924 0.81623646
65.20000000 529.86204924 0.81623646
65.30000000 529.86662620 0.81624351
65.40000000 529.86662620 0.81624351
65.50000000 529.86662620 0.81624351
65.60000000 529.86662620 0.81624351
65.70000000 529.90640052 0.81630478
65.80000000 537.90629820 0.82862838
65.90000000 537.90629820 0.82862838
66.00000000 537.90629820 0.82862838
66.10000000 537.90629820 0.82862838
66.20000000 537.90629820 0.82862838
66.30000000 537.90629820 0.82862838
66.40000000 545.90618308 0.84095196
66.50000000 545.90618308 0.84095196
66.60000000 545.90618308 0.84095196
66.70000000 545.90618308 0.84095196
66.80000000 545.90618308 0.84095196
66.90000000 545.90618308 0.84095196
67.00000000 545.90618308 0.84095196
67.10000000 553.90605276 0.85327552
67.20000000 553.90605276 0.85327552
67.30000000 553.90605276 0.85327552
67.40000000 553.90605276 0.85327552
67.50000000 553.90605276 0.85327552
67.60000000 553.90605276 0.85327552
67.70000000 553.90605276 0.85327552
67.80000000 553.90605276 0.85327552
67.90000000 553.90749188 0.85327773
68.00000000 553.90749188 0.85327773
68.10000000 553.90749188 0.85327773
68.20000000 553.90749188 0.85327773
68.30000000 553.90749188 0.85327773
68.40000000 553.90749188 0.85327773
68.50000000 553.90749188 0.85327773
68.60000000 553.90749188 0.85327773
68.70000000 553.90749188 0.85327773
68.80000000 553.90749188 0.85327773
68.90000000 556.74481636 0.85764854
69.00000000 556.74481636 0.85764854
69.10000000 564.74461940 0.86997200
69.20000000 564.74461940 0.86997200
69.30000000 564.74461940 0.86997200
69.40000000 564.74461940 0.86997200
69.50000000 564.74461940 0.86997200
69.60000000 564.74461940 0.86997200
69.70000000 564.74461940 0.86997200
69.80000000 564.74461940 0.86997200
69.90000000 588.74392964 0.90694221
70.00000000 588.74392964 0.90694221
70.10000000 588.74392964 0.90694221
70.20000000 588.74392964 0.90694221
70.30000000 588.74487236 0.90694366
70.40000000 588.74487236 0.90694366
70.50000000 588.74487236 0.90694366
70.60000000 588.74487236 0.90694366
70.70000000 588.74487236 0.90694366
70.80000000 588.74487236 0.90694366
70.90000000 588.74487236 0.90694366
71.00000000 588.74487236 0.90694366
71.10000000 588.74487236 0.90694366
71.20000000 588.74487236 0.90694366
71.30000000 588.74487236 0.90694366
71.40000000 596.78375380 0.91932732
71.50000000 596.78375380 0.91932732
71.60000000 596.78375380 0.91932732
71.70000000 596.78375380 0.91932732
71.80000000 596.78375380 0.91932732
71.90000000 596.78375380 0.91932732
72.00000000 596.78375380 0.91932732
72.10000000 596.78375380 0.91932732
72.20000000 596.78375380 0.91932732
72.30000000 596.78375380 0.91932732
72.40000000 596.78375380 0.91932732
72.50000000 596.78375380 0.91932732
72.60000000 596.78375380 0.91932732
72.70000000 596.78375380 0.91932732
72.80000000 596.78375380 0.91932732
72.90000000 596.78375380 0.91932732
73.00000000 600.78351284 0.92548882
73.10000000 600.78351284 0.92548882
73.20000000 600.78351284 0.92548882
73.30000000 600.78351284 0.92548882
73.40000000 600.78351284 0.92548882
73.50000000 600.78351284 0.92548882
73.60000000 600.78351284 0.92548882
73.70000000 600.78351284 0.92548882
73.80000000 600.78351284 0.92548882
73.90000000 616.78230212 0.95013448
74.00000000 616.78230212 0.95013448
74.10000000 616.78230212 0.95013448
74.20000000 616.78230212 0.95013448
74.30000000 616.78230212 0.95013448
74.40000000 616.78230212 0.95013448
74.50000000 616.78230212 0.95013448
74.60000000 616.78230212 0.95013448
74.70000000 616.78230212 0.95013448
74.80000000 624.78152236 0.96245703
74.90000000 624.78152236 0.96245703
75.00000000 624.78152236 0.96245703
75.10000000 624.78152236 0.96245703
75.20000000 624.78152236 0.96245703
75.30000000 624.78152236 0.96245703
75.40000000 624.78152236 0.96245703
75.50000000 624.78152236 0.96245703
75.60000000 624.78152236 0.96245703
75.70000000 624.78152236 0.96245703
75.80000000 624.78152236 0.96245703
75.90000000 624.78152236 0.96245703
76.00000000 624.78152236 0.96245703
76.10000000 624.78693684 0.96246537
76.20000000 624.78693684 0.96246537
76.30000000 624.78693684 0.96246537
76.40000000 624.78693684 0.96246537
76.50000000 624.78693684 0.96246537
76.60000000 624.78693684 0.96246537
76.70000000 624.78693684 0.96246537
76.80000000 632.78549908 0.97478692
76.90000000 632.78549908 0.97478692
77.00000000 632.78549908 0.97478692
77.10000000 632.78549908 0.97478692
77.20000000 632.78549908 0.97478692
77.30000000 632.78549908 0.97478692
77.40000000 632.78549908 0.97478692
77.50000000 632.78549908 0.97478692
77.60000000 632.78549908 0.97478692
77.70000000 632.78549908 0.97478692
77.80000000 632.78549908 0.97478692
77.90000000 640.78338828 0.98710742
78.00000000 640.78338828 0.98710742
78.10000000 640.78338828 0.98710742
78.20000000 640.78707740 0.98711311
78.30000000 640.78707740 0.98711311
78.40000000 640.78707740 0.98711311
78.50000000 640.78707740 0.98711311
78.60000000 640.78707740 0.98711311
78.70000000 640.78707740 0.98711311
78.80000000 640.78707740 0.98711311
78.90000000 640.78707740 0.98711311
79.00000000 640.78707740 0.98711311
79.10000000 640.78707740 0.98711311
79.20000000 640.78707740 0.98711311
79.30000000 640.78707740 0.98711311
79.40000000 640.78707740 0.98711311
79.50000000 640.78707740 0.98711311
79.60000000 640.78707740 0.98711311
79.70000000 640.78707740 0.98711311
79.80000000 640.78707740 0.98711311
79.90000000 640.78707740 0.98711311
80.00000000 640.78707740 0.98711311
80.10000000 640.78707740 0.98711311
80.20000000 640.78707740 0.98711311
80.30000000 640.78707740 0.98711311
80.40000000 640.78707740 0.98711311
80.50000000 640.78707740 0.98711311
80.60000000 640.78707740 0.98711311
80.70000000 640.78707740 0.98711311
80.80000000 640.78707740 0.98711311
80.90000000 640.78707740 0.98711311
81.00000000 640.78707740 0.98711311
81.10000000 640.78707740 0.98711311
81.20000000 640.78707740 0.98711311
81.30000000 640.78707740 0.98711311
81.40000000 640.78707740 0.98711311
81.50000000 640.78707740 0.98711311
81.60000000 640.78707740 0.98711311
81.70000000 640.78707740 0.98711311
81.80000000 640.78707740 0.98711311
81.90000000 640.78707740 0.98711311
82.00000000 640.79079596 0.98711883
82.10000000 640.79079596 0.98711883
82.20000000 640.79079596 0.98711883
82.30000000 640.79079596 0.98711883
82.40000000 640.79079596 0.98711883
82.50000000 640.79079596 0.98711883
82.60000000 640.79079596 0.98711883
82.70000000 640.79079596 0.98711883
82.80000000 640.79079596 0.98711883
82.90000000 640.79079596 0.98711883
83.00000000 641.04201724 0.98750583
83.10000000 641.04201724 0.98750583
83.20000000 641.04201724 0.98750583
83.30000000 641.04201724 0.98750583
83.40000000 641.04201724 0.98750583
83.50000000 641.04201724 0.98750583
83.60000000 641.04201724 0.98750583
83.70000000 641.04201724 0.98750583
83.80000000 641.04201724 0.98750583
83.90000000 641.04201724 0.98750583
84.00000000 641.04201724 0.98750583
84.10000000 641.04201724 0.98750583
84.20000000 648.98163012 0.99973657
84.30000000 648.98163012 0.99973657
84.40000000 648.98163012 0.99973657
84.50000000 648.98163012 0.99973657
84.60000000 648.98163012 0.99973657
84.70000000 648.98163012 0.99973657
84.80000000 648.98163012 0.99973657
84.90000000 648.98163012 0.99973657
85.00000000 648.98163012 0.99973657
85.10000000 648.98163012 0.99973657
85.20000000 648.98163012 0.99973657
85.30000000 648.98163012 0.99973657
85.40000000 648.98163012 0.99973657
85.50000000 649.05285140 0.99984628
85.60000000 649.05285140 0.99984628
85.70000000 649.05285140 0.99984628
85.80000000 649.05285140 0.99984628
85.90000000 649.05285140 0.99984628
86.00000000 649.05285140 0.99984628
86.10000000 649.05285140 0.99984628
86.20000000 649.05285140 0.99984628
86.30000000 649.05285140 0.99984628
86.40000000 649.05285140 0.99984628
86.50000000 649.05285140 0.99984628
86.60000000 649.05285140 0.99984628
86.70000000 649.05285140 0.99984628
86.80000000 649.05285140 0.99984628
86.90000000 649.05285140 0.99984628
87.00000000 649.05285140 0.99984628
87.10000000 649.05285140 0.99984628
87.20000000 649.05285140 0.99984628
87.30000000 649.05285140 0.99984628
87.40000000 649.05285140 0.99984628
87.50000000 649.05285140 0.99984628
87.60000000 649.05285140 0.99984628
87.70000000 649.09639956 0.99991336
87.80000000 649.09639956 0.99991336
87.90000000 649.09639956 0.99991336
88.00000000 649.09639956 0.99991336
88.10000000 649.09639956 0.99991336
88.20000000 649.09639956 0.99991336
88.30000000 649.09639956 0.99991336
88.40000000 649.09639956 0.99991336
88.50000000 649.09639956 0.99991336
88.60000000 649.09639956 0.99991336
88.70000000 649.09639956 0.99991336
88.80000000 649.09639956 0.99991336
88.90000000 649.09639956 0.99991336
89.00000000 649.09639956 0.99991336
89.10000000 649.09639956 0.99991336
89.20000000 649.09639956 0.99991336
89.30000000 649.09639956 0.99991336
89.40000000 649.09639956 0.99991336
89.50000000 649.09639956 0.99991336
89.60000000 649.15263924 1.00000000
89.70000000 649.15263924 1.00000000
89.80000000 649.15263924 1.00000000
89.90000000 649.15263924 1.00000000
90.00000000 649.15263924 1.00000000
