# Theta (deg), Enclosed Intensity, Normalized Enclosed Intensity
0.00000000 0.00000000 0.00000000
0.10000000 0.35124312 0.00059723
0.20000000 0.73880880 0.00125623
0.30000000 0.73880880 0.00125623
0.40000000 0.73880880 0.00125623
0.50000000 0.90986920 0.00154709
0.60000000 4.87836204 0.00829489
0.70000000 4.87836204 0.00829489
0.80000000 4.87836204 0.00829489
0.90000000 4.87836204 0.00829489
1.00000000 4.87836204 0.00829489
1.10000000 4.87836204 0.00829489
1.20000000 4.87836204 0.00829489
1.30000000 4.87836204 0.00829489
1.40000000 12.81516476 0.02179018
1.50000000 12.81516476 0.02179018
1.60000000 12.81516476 0.02179018
1.70000000 12.81516476 0.02179018
1.80000000 16.78346748 0.02853766
1.90000000 24.72005580 0.04203259
2.00000000 24.72005580 0.04203259
2.10000000 24.72005580 0.04203259
2.20000000 24.72005580 0.04203259
2.30000000 24.72005580 0.04203259
2.40000000 24.72005580 0.04203259
2.50000000 24.72005580 0.04203259
2.60000000 24.72005580 0.04203259
2.70000000 24.72005580 0.04203259
2.80000000 24.72005580 0.04203259
2.90000000 40.58379780 0.06900640
3.00000000 51.90415860 0.08825490
3.10000000 52.22831012 0.08880607
3.20000000 52.38462004 0.08907185
3.30000000 52.38462004 0.08907185
3.40000000 52.38462004 0.08907185
3.50000000 52.38462004 0.08907185
3.60000000 56.34983132 0.09581407
3.70000000 76.22695092 0.12961200
3.80000000 76.22695092 0.12961200
3.90000000 76.22695092 0.12961200
4.00000000 84.15356852 0.14308998
4.10000000 108.01980132 0.18367077
4.20000000 108.01980132 0.18367077
4.30000000 108.01980132 0.18367077
4.40000000 115.93715732 0.19713300
4.50000000 115.93715732 0.19713300
4.60000000 123.84943836 0.21058659
4.70000000 125.75050924 0.21381907
4.80000000 149.48359324 0.25417346
4.90000000 157.38558876 0.26760957
5.00000000 157.38558876 0.26760957
5.10000000 157.38558876 0.26760957
5.20000000 157.38558876 0.26760957
5.30000000 157.38558876 0.26760957
5.40000000 157.38558876 0.26760957
5.50000000 157.42584108 0.26767801
5.60000000 157.42584108 0.26767801
5.70000000 173.14367896 0.29440374
5.80000000 180.84952832 0.30750633
5.90000000 196.57993224 0.33425342
6.00000000 196.57993224 0.33425342
6.10000000 196.57993224 0.33425342
6.20000000 212.12655524 0.36068802
6.30000000 212.12655524 0.36068802
6.40000000 219.97568332 0.37403423
6.50000000 219.97568332 0.37403423
6.60000000 235.47932388 0.40039575
6.70000000 235.47932388 0.40039575
6.80000000 258.95154620 0.44030659
6.90000000 274.23832236 0.46629936
7.00000000 274.23832236 0.46629936
7.10000000 274.25854724 0.46633375
7.20000000 274.25854724 0.46633375
7.30000000 289.70478636 0.49259766
7.40000000 289.74743452 0.49267018
7.50000000 289.74743452 0.49267018
7.60000000 297.41958572 0.50571547
7.70000000 297.41958572 0.50571547
7.80000000 312.11866588 0.53070896
7.90000000 312.11866588 0.53070896
8.00000000 312.11866588 0.53070896
8.10000000 312.11866588 0.53070896
8.20000000 319.61675876 0.54345829
8.30000000 319.61675876 0.54345829
8.40000000 319.61675876 0.54345829
8.50000000 371.22673556 0.63121298
8.60000000 378.85274964 0.64417983
8.70000000 389.87580648 0.66292281
8.80000000 389.87580648 0.66292281
8.90000000 402.40116840 0.68422023
9.00000000 402.40116840 0.68422023
9.10000000 405.67632972 0.68978913
9.20000000 405.67632972 0.68978913
9.30000000 405.67632972 0.68978913
9.40000000 405.67632972 0.68978913
9.50000000 413.16247748 0.70251815
9.60000000 417.39708028 0.70971843
9.70000000 417.39708028 0.70971843
9.80000000 417.39708028 0.70971843
9.90000000 417.39708028 0.70971843
10.00000000 420.56178204 0.71509951
10.10000000 420.56178204 0.71509951
10.20000000 420.56178204 0.71509951
10.30000000 420.56178204 0.71509951
10.40000000 420.56178204 0.71509951
10.50000000 427.63710172 0.72712998
10.60000000 432.45397412 0.73532032
10.70000000 432.45397412 0.73532032
10.80000000 432.45397412 0.73532032
10.90000000 432.45397412 0.73532032
11.00000000 432.45397412 0.73532032
11.10000000 439.55287612 0.74739089
11.20000000 439.55445668 0.74739358
11.30000000 439.55445668 0.74739358
11.40000000 439.69672532 0.74763549
11.50000000 446.43781396 0.75909765
11.60000000 458.57281140 0.77973132
11.70000000 458.57281140 0.77973132
11.80000000 458.57891612 0.77974170
11.90000000 478.91683364 0.81432315
12.00000000 478.91683364 0.81432315
12.10000000 485.15013708 0.82492190
12.20000000 485.15013708 0.82492190
12.30000000 485.15013708 0.82492190
12.40000000 490.15800004 0.83343699
12.50000000 490.15800004 0.83343699
12.60000000 490.15800004 0.83343699
12.70000000 490.15800004 0.83343699
12.80000000 490.15800004 0.83343699
12.90000000 490.23723524 0.83357172
13.00000000 496.41980644 0.84408421
13.10000000 502.69333876 0.85475137
13.20000000 502.69333876 0.85475137
13.30000000 502.69663612 0.85475698
13.40000000 502.69663612 0.85475698
13.50000000 515.85928380 0.87713800
13.60000000 515.85928380 0.87713800
13.70000000 515.86781484 0.87715251
13.80000000 515.88548324 0.87718255
13.90000000 515.88548324 0.87718255
14.00000000 515.88548324 0.87718255
14.10000000 518.94330052 0.88238189
14.20000000 518.94445884 0.88238386
14.30000000 534.10961116 0.90816983
14.40000000 534.10961116 0.90816983
14.50000000 539.82522548 0.91788834
14.60000000 539.82522548 0.91788834
14.70000000 539.82522548 0.91788834
14.80000000 539.82522548 0.91788834
14.90000000 544.90885948 0.92653226
15.00000000 544.92536444 0.92656033
15.10000000 544.92536444 0.92656033
15.20000000 544.92536444 0.92656033
15.30000000 544.92536444 0.92656033
15.40000000 550.01013596 0.93520618
15.50000000 550.01013596 0.93520618
15.60000000 550.01013596 0.93520618
15.70000000 554.86534564 0.94346171
15.80000000 554.86534564 0.94346171
15.90000000 554.86534564 0.94346171
16.00000000 554.86775484 0.94346580
16.10000000 554.86775484 0.94346580
16.20000000 554.86775484 0.94346580
16.30000000 554.86775484 0.94346580
16.40000000 554.86775484 0.94346580
16.50000000 554.86775484 0.94346580
16.60000000 554.86775484 0.94346580
16.70000000 554.86775484 0.94346580
16.80000000 558.51629036 0.94966957
16.90000000 562.88317452 0.95709477
17.00000000 562.88317452 0.95709477
17.10000000 562.88317452 0.95709477
17.20000000 562.88588636 0.95709938
17.30000000 562.88588636 0.95709938
17.40000000 562.88588636 0.95709938
17.50000000 562.90683916 0.95713501
17.60000000 562.90683916 0.95713501
17.70000000 562.90683916 0.95713501
17.80000000 562.90683916 0.95713501
17.90000000 562.90683916 0.95713501
18.00000000 562.90683916 0.95713501
18.10000000 564.17714908 0.95929497
18.20000000 564.17714908 0.95929497
18.30000000 564.19152372 0.95931941
18.40000000 564.19152372 0.95931941
18.50000000 564.19152372 0.95931941
18.60000000 564.19152372 0.95931941
18.70000000 564.19152372 0.95931941
18.80000000 564.19152372 0.95931941
18.90000000 564.19152372 0.95931941
19.00000000 564.19152372 0.95931941
19.10000000 564.19152372 0.95931941
19.20000000 564.19152372 0.95931941
19.30000000 564.19152372 0.95931941
19.40000000 564.19152372 0.95931941
19.50000000 564.19152372 0.95931941
19.60000000 564.19152372 0.95931941
19.70000000 564.19152372 0.95931941
19.80000000 564.19152372 0.95931941
19.90000000 564.19152372 0.95931941
20.00000000 564.19299524 0.95932192
20.10000000 564.19299524 0.95932192
20.20000000 564.20071332 0.95933504
20.30000000 564.20071332 0.95933504
20.40000000 566.36198188 0.96300994
20.50000000 566.36198188 0.96300994
20.60000000 566.36198188 0.96300994
20.70000000 566.36198188 0.96300994
20.80000000 566.36198188 0.96300994
20.90000000 566.36198188 0.96300994
21.00000000 566.36198188 0.96300994
21.10000000 568.18156060 0.96610385
21.20000000 568.18156060 0.96610385
21.30000000 568.18156060 0.96610385
21.40000000 568.18156060 0.96610385
21.50000000 568.18974240 0.96611776
21.60000000 568.19323944 0.96612371
21.70000000 568.19323944 0.96612371
21.80000000 568.19323944 0.96612371
21.90000000 568.19323944 0.96612371
22.00000000 568.19323944 0.96612371
22.10000000 568.19323944 0.96612371
22.20000000 568.19323944 0.96612371
22.30000000 568.19867336 0.96613295
22.40000000 568.19867336 0.96613295
22.50000000 568.19867336 0.96613295
22.60000000 568.19867336 0.96613295
22.70000000 568.19867336 0.96613295
22.80000000 568.21418464 0.96615932
22.90000000 568.21418464 0.96615932
23.00000000 568.21418464 0.96615932
23.10000000 568.21418464 0.96615932
23.20000000 568.21418464 0.96615932
23.30000000 568.21418464 0.96615932
23.40000000 568.21418464 0.96615932
23.50000000 568.21418464 0.96615932
23.60000000 568.46779952 0.96659055
23.70000000 568.46779952 0.96659055
23.80000000 568.46779952 0.96659055
23.90000000 568.46779952 0.96659055
24.00000000 568.46779952 0.96659055
24.10000000 568.46779952 0.96659055
24.20000000 568.47056256 0.96659525
24.30000000 568.47056256 0.96659525
24.40000000 568.47056256 0.96659525
24.50000000 568.47056256 0.96659525
24.60000000 568.47056256 0.96659525
24.70000000 568.47229576 0.96659820
24.80000000 568.47229576 0.96659820
24.90000000 568.47229576 0.96659820
25.00000000 568.47229576 0.96659820
25.10000000 568.47229576 0.96659820
25.20000000 568.47229576 0.96659820
25.30000000 568.47229576 0.96659820
25.40000000 568.47229576 0.96659820
25.50000000 568.62685064 0.96686099
25.60000000 568.62685064 0.96686099
25.70000000 568.62685064 0.96686099
25.80000000 568.62685064 0.96686099
25.90000000 568.62685064 0.96686099
26.00000000 568.62685064 0.96686099
26.10000000 568.70382564 0.96699188
26.20000000 568.70382564 0.96699188
26.30000000 568.70382564 0.96699188
26.40000000 568.70382564 0.96699188
26.50000000 568.70382564 0.96699188
26.60000000 568.70382564 0.96699188
26.70000000 568.70382564 0.96699188
26.80000000 568.70382564 0.96699188
26.90000000 568.70382564 0.96699188
27.00000000 568.70644588 0.96699633
27.10000000 568.70644588 0.96699633
27.20000000 568.70644588 0.96699633
27.30000000 568.70644588 0.96699633
27.40000000 568.70644588 0.96699633
27.50000000 568.70644588 0.96699633
27.60000000 568.70644588 0.96699633
27.70000000 568.70644588 0.96699633
27.80000000 568.70644588 0.96699633
27.90000000 568.70644588 0.96699633
28.00000000 568.70644588 0.96699633
28.10000000 568.70644588 0.96699633
28.20000000 568.70644588 0.96699633
28.30000000 568.70644588 0.96699633
28.40000000 568.70793892 0.96699887
28.50000000 568.84398668 0.96723020
28.60000000 568.84398668 0.96723020
28.70000000 568.84487116 0.96723170
28.80000000 568.84487116 0.96723170
28.90000000 568.84487116 0.96723170
29.00000000 568.84487116 0.96723170
29.10000000 568.84487116 0.96723170
29.20000000 568.84487116 0.96723170
29.30000000 568.84487116 0.96723170
29.40000000 568.84487116 0.96723170
29.50000000 568.85850748 0.96725489
29.60000000 568.85850748 0.96725489
29.70000000 568.85850748 0.96725489
29.80000000 568.85850748 0.96725489
29.90000000 568.85850748 0.96725489
30.00000000 568.85850748 0.96725489
30.10000000 568.85850748 0.96725489
30.20000000 568.96113788 0.96742940
30.30000000 568.96113788 0.96742940
30.40000000 568.96113788 0.96742940
30.50000000 568.96113788 0.96742940
30.60000000 568.96113788 0.96742940
30.70000000 568.96113788 0.96742940
30.80000000 568.96113788 0.96742940
30.90000000 568.97945548 0.96746054
31.00000000 568.97945548 0.96746054
31.10000000 568.97945548 0.96746054
31.20000000 568.98086524 0.96746294
31.30000000 568.98086524 0.96746294
31.40000000 568.98086524 0.96746294
31.50000000 568.98086524 0.96746294
31.60000000 568.98086524 0.96746294
31.70000000 568.98086524 0.96746294
31.80000000 568.98086524 0.96746294
31.90000000 568.98086524 0.96746294
32.00000000 568.98086524 0.96746294
32.10000000 568.98086524 0.96746294
32.20000000 568.98086524 0.96746294
32.30000000 568.98086524 0.96746294
32.40000000 568.98086524 0.96746294
32.50000000 568.98086524 0.96746294
32.60000000 568.98086524 0.96746294
32.70000000 568.98086524 0.96746294
32.80000000 568.98086524 0.96746294
32.90000000 568.99722972 0.96749077
33.00000000 568.99722972 0.96749077
33.10000000 568.99722972 0.96749077
33.20000000 569.27573244 0.96796432
33.30000000 569.27573244 0.96796432
33.40000000 569.29212804 0.96799219
33.50000000 569.29212804 0.96799219
33.60000000 569.29212804 0.96799219
33.70000000 569.29212804 0.96799219
33.80000000 569.29212804 0.96799219
33.90000000 569.29212804 0.96799219
34.00000000 569.29660340 0.96799980
34.10000000 569.29660340 0.96799980
34.20000000 569.32640028 0.96805047
34.30000000 569.32893004 0.96805477
34.40000000 569.32893004 0.96805477
34.50000000 569.32893004 0.96805477
34.60000000 569.32893004 0.96805477
34.70000000 569.32893004 0.96805477
34.80000000 569.33112876 0.96805851
34.90000000 569.33112876 0.96805851
35.00000000 569.33112876 0.96805851
35.10000000 569.33112876 0.96805851
35.20000000 569.38513356 0.96815034
35.30000000 569.38513356 0.96815034
35.40000000 569.38513356 0.96815034
35.50000000 569.38816660 0.96815549
35.60000000 569.38816660 0.96815549
35.70000000 569.39360996 0.96816475
35.80000000 569.39360996 0.96816475
35.90000000 569.39360996 0.96816475
36.00000000 569.39360996 0.96816475
36.10000000 569.39360996 0.96816475
36.20000000 569.39360996 0.96816475
36.30000000 569.39360996 0.96816475
36.40000000 569.39360996 0.96816475
36.50000000 569.39360996 0.96816475
36.60000000 569.39360996 0.96816475
36.70000000 569.39360996 0.96816475
36.80000000 569.41591076 0.96820267
36.90000000 569.41591076 0.96820267
37.00000000 569.41591076 0.96820267
37.10000000 569.41591076 0.96820267
37.20000000 569.42364476 0.96821582
37.30000000 569.42639976 0.96822050
37.40000000 569.42639976 0.96822050
37.50000000 569.43673136 0.96823807
37.60000000 569.45238320 0.96826468
37.70000000 569.46397720 0.96828440
37.80000000 569.46397720 0.96828440
37.90000000 569.46397720 0.96828440
38.00000000 569.53164816 0.96839946
38.10000000 569.53865984 0.96841138
38.20000000 569.56396048 0.96845440
38.30000000 569.59615200 0.96850914
38.40000000 569.59615200 0.96850914
38.50000000 569.59615200 0.96850914
38.60000000 569.59615200 0.96850914
38.70000000 569.62466904 0.96855763
38.80000000 569.64651112 0.96859477
38.90000000 569.64651112 0.96859477
39.00000000 569.64651112 0.96859477
39.10000000 569.64651112 0.96859477
39.20000000 569.64651112 0.96859477
39.30000000 569.64651112 0.96859477
39.40000000 569.64651112 0.96859477
39.50000000 569.64651112 0.96859477
39.60000000 569.64651112 0.96859477
39.70000000 569.64651112 0.96859477
39.80000000 569.64651112 0.96859477
39.90000000 569.69257816 0.96867310
40.00000000 569.77953592 0.96882096
40.10000000 569.77953592 0.96882096
40.20000000 569.77953592 0.96882096
40.30000000 569.77953592 0.96882096
40.40000000 569.77953592 0.96882096
40.50000000 569.82651672 0.96890084
40.60000000 569.82651672 0.96890084
40.70000000 569.82651672 0.96890084
40.80000000 569.82651672 0.96890084
40.90000000 569.82651672 0.96890084
41.00000000 569.82651672 0.96890084
41.10000000 569.95392416 0.96911747
41.20000000 569.95392416 0.96911747
41.30000000 569.95392416 0.96911747
41.40000000 569.95392416 0.96911747
41.50000000 569.95392416 0.96911747
41.60000000 569.95392416 0.96911747
41.70000000 569.95392416 0.96911747
41.80000000 569.95392416 0.96911747
41.90000000 569.95392416 0.96911747
42.00000000 569.95392416 0.96911747
42.10000000 569.95392416 0.96911747
42.20000000 569.95392416 0.96911747
42.30000000 570.07945344 0.96933092
42.40000000 570.07945344 0.96933092
42.50000000 570.07945344 0.96933092
42.60000000 570.07945344 0.96933092
42.70000000 570.07945344 0.96933092
42.80000000 570.08551624 0.96934123
42.90000000 570.08551624 0.96934123
43.00000000 570.08551624 0.96934123
43.10000000 570.09047368 0.96934966
43.20000000 570.09047368 0.96934966
43.30000000 570.09047368 0.96934966
43.40000000 570.09047368 0.96934966
43.50000000 570.09047368 0.96934966
43.60000000 570.09047368 0.96934966
43.70000000 570.09047368 0.96934966
43.80000000 570.09047368 0.96934966
43.90000000 570.09047368 0.96934966
44.00000000 570.09047368 0.96934966
44.10000000 570.09047368 0.96934966
44.20000000 570.09047368 0.96934966
44.30000000 570.09047368 0.96934966
44.40000000 570.09047368 0.96934966
44.50000000 570.09047368 0.96934966
44.60000000 570.09047368 0.96934966
44.70000000 570.09047368 0.96934966
44.80000000 570.09047368 0.96934966
44.90000000 570.09047368 0.96934966
45.00000000 570.09047368 0.96934966
45.10000000 570.09047368 0.96934966
45.20000000 570.10110136 0.96936773
45.30000000 570.10110136 0.96936773
45.40000000 570.10110136 0.96936773
45.50000000 570.10110136 0.96936773
45.60000000 570.10110136 0.96936773
45.70000000 570.10110136 0.96936773
45.80000000 570.10110136 0.96936773
45.90000000 570.10110136 0.96936773
46.00000000 570.10110136 0.96936773
46.10000000 570.10110136 0.96936773
46.20000000 570.10110136 0.96936773
46.30000000 570.10110136 0.96936773
46.40000000 570.15488104 0.96945917
46.50000000 570.15488104 0.96945917
46.60000000 570.15488104 0.96945917
46.70000000 570.15488104 0.96945917
46.80000000 570.15488104 0.96945917
46.90000000 570.15595720 0.96946100
47.00000000 570.15595720 0.96946100
47.10000000 570.15815904 0.96946474
47.20000000 570.15815904 0.96946474
47.30000000 570.15815904 0.96946474
47.40000000 570.15815904 0.96946474
47.50000000 570.15815904 0.96946474
47.60000000 570.15815904 0.96946474
47.70000000 570.18896888 0.96951713
47.80000000 570.18896888 0.96951713
47.90000000 570.18896888 0.96951713
48.00000000 570.18896888 0.96951713
48.10000000 570.18896888 0.96951713
48.20000000 570.18896888 0.96951713
48.30000000 570.24879448 0.96961886
48.40000000 570.24879448 0.96961886
48.50000000 570.24879448 0.96961886
48.60000000 570.24879448 0.96961886
48.70000000 570.24879448 0.96961886
48.80000000 570.24879448 0.96961886
48.90000000 570.24879448 0.96961886
49.00000000 570.26836908 0.96965214
49.10000000 570.26836908 0.96965214
49.20000000 570.26836908 0.96965214
49.30000000 570.26836908 0.96965214
49.40000000 570.26836908 0.96965214
49.50000000 570.26836908 0.96965214
49.60000000 570.26836908 0.96965214
49.70000000 570.26836908 0.96965214
49.80000000 570.26836908 0.96965214
49.90000000 570.26836908 0.96965214
50.00000000 570.26836908 0.96965214
50.10000000 570.26836908 0.96965214
50.20000000 570.26836908 0.96965214
50.30000000 570.26836908 0.96965214
50.40000000 570.27389988 0.96966154
50.50000000 570.27389988 0.96966154
50.60000000 570.27389988 0.96966154
50.70000000 570.27389988 0.96966154
50.80000000 570.27389988 0.96966154
50.90000000 570.27389988 0.96966154
51.00000000 570.27389988 0.96966154
51.10000000 570.27389988 0.96966154
51.20000000 570.27389988 0.96966154
51.30000000 570.27389988 0.96966154
51.40000000 570.27389988 0.96966154
51.50000000 570.27389988 0.96966154
51.60000000 570.27389988 0.96966154
51.70000000 570.27389988 0.96966154
51.80000000 570.27389988 0.96966154
51.90000000 570.27389988 0.96966154
52.00000000 570.27389988 0.96966154
52.10000000 570.27389988 0.96966154
52.20000000 570.27389988 0.96966154
52.30000000 570.27389988 0.96966154
52.40000000 570.27389988 0.96966154
52.50000000 570.27389988 0.96966154
52.60000000 570.27389988 0.96966154
52.70000000 570.28075412 0.96967320
52.80000000 570.28075412 0.96967320
52.90000000 570.28075412 0.96967320
53.00000000 570.28075412 0.96967320
53.10000000 570.28075412 0.96967320
53.20000000 570.28075412 0.96967320
53.30000000 570.28075412 0.96967320
53.40000000 570.28075412 0.96967320
53.50000000 570.28075412 0.96967320
53.60000000 570.28075412 0.96967320
53.70000000 570.28226564 0.96967577
53.80000000 570.28226564 0.96967577
53.90000000 570.28226564 0.96967577
54.00000000 570.28226564 0.96967577
54.10000000 570.28447156 0.96967952
54.20000000 570.28447156 0.96967952
54.30000000 570.28447156 0.96967952
54.40000000 570.28447156 0.96967952
54.50000000 570.28447156 0.96967952
54.60000000 570.28855284 0.96968646
54.70000000 570.28855284 0.96968646
54.80000000 570.28855284 0.96968646
54.90000000 570.28855284 0.96968646
55.00000000 570.28855284 0.96968646
55.10000000 570.28855284 0.96968646
55.20000000 570.28855284 0.96968646
55.30000000 570.28855284 0.96968646
55.40000000 570.28855284 0.96968646
55.50000000 570.28855284 0.96968646
55.60000000 570.28855284 0.96968646
55.70000000 570.28855284 0.96968646
55.80000000 570.28855284 0.96968646
55.90000000 570.28855284 0.96968646
56.00000000 570.28855284 0.96968646
56.10000000 570.28855284 0.96968646
56.20000000 570.28941092 0.96968792
56.30000000 570.28941092 0.96968792
56.40000000 570.28941092 0.96968792
56.50000000 570.28941092 0.96968792
56.60000000 570.28941092 0.96968792
56.70000000 570.28941092 0.96968792
56.80000000 570.28941092 0.96968792
56.90000000 570.28941092 0.96968792
57.00000000 570.28941092 0.96968792
57.10000000 570.28941092 0.96968792
57.20000000 570.28941092 0.96968792
57.30000000 570.28941092 0.96968792
57.40000000 570.28941092 0.96968792
57.50000000 570.28941092 0.96968792
57.60000000 570.28941092 0.96968792
57.70000000 570.28941092 0.96968792
57.80000000 570.28941092 0.96968792
57.90000000 570.30421524 0.96971309
58.00000000 570.30421524 0.96971309
58.10000000 570.30421524 0.96971309
58.20000000 570.30962916 0.96972230
58.30000000 570.30962916 0.96972230
58.40000000 570.30962916 0.96972230
58.50000000 570.31127540 0.96972509
58.60000000 570.31127540 0.96972509
58.70000000 570.31127540 0.96972509
58.80000000 570.31127540 0.96972509
58.90000000 570.31127540 0.96972509
59.00000000 570.31210940 0.96972651
59.10000000 570.31210940 0.96972651
59.20000000 570.31210940 0.96972651
59.30000000 570.31210940 0.96972651
59.40000000 570.31210940 0.96972651
59.50000000 570.31210940 0.96972651
59.60000000 570.31210940 0.96972651
59.70000000 570.31210940 0.96972651
59.80000000 570.31210940 0.96972651
59.90000000 570.31210940 0.96972651
60.00000000 570.31210940 0.96972651
60.10000000 570.31210940 0.96972651
60.20000000 570.31210940 0.96972651
60.30000000 570.31210940 0.96972651
60.40000000 570.31210940 0.96972651
60.50000000 570.31210940 0.96972651
60.60000000 570.31210940 0.96972651
60.70000000 570.31303068 0.96972808
60.80000000 570.31303068 0.96972808
60.90000000 570.31303068 0.96972808
61.00000000 570.31303068 0.96972808
61.10000000 570.31303068 0.96972808
61.20000000 570.31303068 0.96972808
61.30000000 570.31303068 0.96972808
61.40000000 570.31303068 0.96972808
61.50000000 570.31303068 0.96972808
61.60000000 570.31303068 0.96972808
61.70000000 570.31303068 0.96972808
61.80000000 570.31303068 0.96972808
61.90000000 570.32054140 0.96974085
62.00000000 570.32054140 0.96974085
62.10000000 570.32054140 0.96974085
62.20000000 570.32224360 0.96974374
62.30000000 570.32224360 0.96974374
62.40000000 570.32224360 0.96974374
62.50000000 570.32224360 0.96974374
62.60000000 570.32224360 0.96974374
62.70000000 570.32224360 0.96974374
62.80000000 570.32224360 0.96974374
62.90000000 570.32224360 0.96974374
63.00000000 570.32224360 0.96974374
63.10000000 570.32224360 0.96974374
63.20000000 570.32224360 0.96974374
63.30000000 570.32224360 0.96974374
63.40000000 570.33522664 0.96976582
63.50000000 570.34388664 0.96978055
63.60000000 570.34388664 0.96978055
63.70000000 570.34388664 0.96978055
63.80000000 570.34388664 0.96978055
63.90000000 570.34388664 0.96978055
64.00000000 570.34388664 0.96978055
64.10000000 570.34388664 0.96978055
64.20000000 570.34388664 0.96978055
64.30000000 570.34388664 0.96978055
64.40000000 570.34388664 0.96978055
64.50000000 570.34388664 0.96978055
64.60000000 570.34388664 0.96978055
64.70000000 570.34388664 0.96978055
64.80000000 570.34634016 0.96978472
64.90000000 570.34634016 0.96978472
65.00000000 570.34634016 0.96978472
65.10000000 570.34634016 0.96978472
65.20000000 570.34634016 0.96978472
65.30000000 570.34634016 0.96978472
65.40000000 570.34634016 0.96978472
65.50000000 570.35584544 0.96980088
65.60000000 570.35584544 0.96980088
65.70000000 570.37137888 0.96982729
65.80000000 570.37137888 0.96982729
65.90000000 570.37137888 0.96982729
66.00000000 570.37137888 0.96982729
66.10000000 570.37137888 0.96982729
66.20000000 570.37137888 0.96982729
66.30000000 570.37137888 0.96982729
66.40000000 570.37137888 0.96982729
66.50000000 570.37137888 0.96982729
66.60000000 570.37137888 0.96982729
66.70000000 570.37137888 0.96982729
66.80000000 570.37137888 0.96982729
66.90000000 570.37137888 0.96982729
67.00000000 570.37137888 0.96982729
67.10000000 570.37137888 0.96982729
67.20000000 570.37226104 0.96982879
67.30000000 570.39097448 0.96986061
67.40000000 570.39097448 0.96986061
67.50000000 570.39097448 0.96986061
67.60000000 570.39097448 0.96986061
67.70000000 570.39097448 0.96986061
67.80000000 570.39097448 0.96986061
67.90000000 570.39097448 0.96986061
68.00000000 570.39097448 0.96986061
68.10000000 570.39097448 0.96986061
68.20000000 570.39097448 0.96986061
68.30000000 570.39097448 0.96986061
68.40000000 570.39097448 0.96986061
68.50000000 570.39097448 0.96986061
68.60000000 570.39097448 0.96986061
68.70000000 570.39097448 0.96986061
68.80000000 570.39097448 0.96986061
68.90000000 570.39097448 0.96986061
69.00000000 570.39261872 0.96986341
69.10000000 570.39261872 0.96986341
69.20000000 570.39261872 0.96986341
69.30000000 570.39261872 0.96986341
69.40000000 570.39261872 0.96986341
69.50000000 570.39261872 0.96986341
69.60000000 570.39261872 0.96986341
69.70000000 570.39261872 0.96986341
69.80000000 570.40579696 0.96988581
69.90000000 570.40579696 0.96988581
70.00000000 570.40579696 0.96988581
70.10000000 570.40579696 0.96988581
70.20000000 570.40579696 0.96988581
70.30000000 570.40579696 0.96988581
70.40000000 570.40579696 0.96988581
70.50000000 570.40579696 0.96988581
70.60000000 570.40579696 0.96988581
70.70000000 570.40579696 0.96988581
70.80000000 570.40579696 0.96988581
70.90000000 570.40579696 0.96988581
71.00000000 570.40579696 0.96988581
71.10000000 570.40579696 0.96988581
71.20000000 570.40579696 0.96988581
71.30000000 570.40579696 0.96988581
71.40000000 570.40579696 0.96988581
71.50000000 570.40579696 0.96988581
71.60000000 570.40579696 0.96988581
71.70000000 570.40579696 0.96988581
71.80000000 570.40953984 0.96989218
71.90000000 570.40953984 0.96989218
72.00000000 570.41451764 0.96990064
72.10000000 570.41451764 0.96990064
72.20000000 570.41451764 0.96990064
72.30000000 570.41647956 0.96990398
72.40000000 570.41647956 0.96990398
72.50000000 570.41647956 0.96990398
72.60000000 570.41647956 0.96990398
72.70000000 570.41647956 0.96990398
72.80000000 570.41647956 0.96990398
72.90000000 570.41647956 0.96990398
73.00000000 570.41647956 0.96990398
73.10000000 570.41647956 0.96990398
73.20000000 570.41647956 0.96990398
73.30000000 570.41870724 0.96990777
73.40000000 570.41870724 0.96990777
73.50000000 570.41870724 0.96990777
73.60000000 570.41870724 0.96990777
73.70000000 570.41870724 0.96990777
73.80000000 570.41870724 0.96990777
73.90000000 570.41870724 0.96990777
74.00000000 570.41870724 0.96990777
74.10000000 570.41870724 0.96990777
74.20000000 570.41870724 0.96990777
74.30000000 570.42124404 0.96991208
74.40000000 570.42124404 0.96991208
74.50000000 570.42124404 0.96991208
74.60000000 570.42124404 0.96991208
74.70000000 570.42124404 0.96991208
74.80000000 570.42124404 0.96991208
74.90000000 570.42124404 0.96991208
75.00000000 570.42124404 0.96991208
75.10000000 570.42124404 0.96991208
75.20000000 570.42124404 0.96991208
75.30000000 570.42124404 0.96991208
75.40000000 570.42124404 0.96991208
75.50000000 570.42124404 0.96991208
75.60000000 570.42124404 0.96991208
75.70000000 570.42124404 0.96991208
75.80000000 570.42124404 0.96991208
75.90000000 570.42124404 0.96991208
76.00000000 570.42124404 0.96991208
76.10000000 570.42124404 0.96991208
76.20000000 570.42124404 0.96991208
76.30000000 570.42124404 0.96991208
76.40000000 570.42124404 0.96991208
76.50000000 570.42124404 0.96991208
76.60000000 570.42124404 0.96991208
76.70000000 570.42124404 0.96991208
76.80000000 570.42124404 0.96991208
76.90000000 570.42124404 0.96991208
77.00000000 570.42124404 0.96991208
77.10000000 570.42124404 0.96991208
77.20000000 570.42124404 0.96991208
77.30000000 570.42124404 0.96991208
77.40000000 570.42124404 0.96991208
77.50000000 570.42124404 0.96991208
77.60000000 578.41416956 0.98350280
77.70000000 578.41416956 0.98350280
77.80000000 578.41416956 0.98350280
77.90000000 578.43529068 0.98353871
78.00000000 578.43529068 0.98353871
78.10000000 578.43529068 0.98353871
78.20000000 578.43529068 0.98353871
78.30000000 578.43529068 0.98353871
78.40000000 578.43529068 0.98353871
78.50000000 578.43810812 0.98354350
78.60000000 578.43810812 0.98354350
78.70000000 578.43810812 0.98354350
78.80000000 578.43810812 0.98354350
78.90000000 578.44021420 0.98354708
79.00000000 578.44021420 0.98354708
79.10000000 578.44021420 0.98354708
79.20000000 578.44021420 0.98354708
79.30000000 578.44021420 0.98354708
79.40000000 578.44021420 0.98354708
79.50000000 578.44021420 0.98354708
79.60000000 578.44021420 0.98354708
79.70000000 578.44021420 0.98354708
79.80000000 578.44021420 0.98354708
79.90000000 578.44021420 0.98354708
80.00000000 578.44021420 0.98354708
80.10000000 578.44021420 0.98354708
80.20000000 578.44021420 0.98354708
80.30000000 578.44021420 0.98354708
80.40000000 578.44021420 0.98354708
80.50000000 578.44021420 0.98354708
80.60000000 578.44021420 0.98354708
80.70000000 578.44021420 0.98354708
80.80000000 578.44021420 0.98354708
80.90000000 578.44021420 0.98354708
81.00000000 578.44021420 0.98354708
81.10000000 578.44021420 0.98354708
81.20000000 578.44021420 0.98354708
81.30000000 578.46619484 0.98359126
81.40000000 578.46619484 0.98359126
81.50000000 578.46619484 0.98359126
81.60000000 578.46619484 0.98359126
81.70000000 578.46619484 0.98359126
81.80000000 580.27972660 0.98667489
81.90000000 580.27972660 0.98667489
82.00000000 580.27972660 0.98667489
82.10000000 580.27972660 0.98667489
82.20000000 580.27972660 0.98667489
82.30000000 580.27972660 0.98667489
82.40000000 580.27972660 0.98667489
82.50000000 580.27972660 0.98667489
82.60000000 580.27972660 0.98667489
82.70000000 580.27972660 0.98667489
82.80000000 580.27972660 0.98667489
82.90000000 580.27972660 0.98667489
83.00000000 580.27972660 0.98667489
83.10000000 580.27972660 0.98667489
83.20000000 580.27972660 0.98667489
83.30000000 580.28294812 0.98668036
83.40000000 580.28294812 0.98668036
83.50000000 588.10237660 0.99997608
83.60000000 588.10237660 0.99997608
83.70000000 588.10237660 0.99997608
83.80000000 588.10237660 0.99997608
83.90000000 588.10237660 0.99997608
84.00000000 588.10237660 0.99997608
84.10000000 588.10643892 0.99998299
84.20000000 588.10643892 0.99998299
84.30000000 588.10643892 0.99998299
84.40000000 588.10643892 0.99998299
84.50000000 588.10643892 0.99998299
84.60000000 588.10643892 0.99998299
84.70000000 588.10643892 0.99998299
84.80000000 588.10643892 0.99998299
84.90000000 588.10643892 0.99998299
85.00000000 588.10643892 0.99998299
85.10000000 588.10643892 0.99998299
85.20000000 588.10643892 0.99998299
85.30000000 588.10643892 0.99998299
85.40000000 588.10643892 0.99998299
85.50000000 588.10643892 0.99998299
85.60000000 588.10643892 0.99998299
85.70000000 588.10643892 0.99998299
85.80000000 588.10643892 0.99998299
85.90000000 588.10643892 0.99998299
86.00000000 588.10643892 0.99998299
86.10000000 588.10643892 0.99998299
86.20000000 588.10643892 0.99998299
86.30000000 588.10643892 0.99998299
86.40000000 588.10643892 0.99998299
86.50000000 588.10643892 0.99998299
86.60000000 588.10643892 0.99998299
86.70000000 588.10643892 0.99998299
86.80000000 588.10643892 0.99998299
86.90000000 588.10643892 0.99998299
87.00000000 588.10643892 0.99998299
87.10000000 588.10643892 0.99998299
87.20000000 588.10643892 0.99998299
87.30000000 588.10643892 0.99998299
87.40000000 588.10643892 0.99998299
87.50000000 588.10643892 0.99998299
87.60000000 588.10643892 0.99998299
87.70000000 588.10643892 0.99998299
87.80000000 588.10643892 0.99998299
87.90000000 588.10643892 0.99998299
88.00000000 588.10643892 0.99998299
88.10000000 588.10643892 0.99998299
88.20000000 588.11295052 0.99999406
88.30000000 588.11295052 0.99999406
88.40000000 588.11295052 0.99999406
88.50000000 588.11644500 1.00000000
88.60000000 588.11644500 1.00000000
88.70000000 588.11644500 1.00000000
88.80000000 588.11644500 1.00000000
88.90000000 588.11644500 1.00000000
89.00000000 588.11644500 1.00000000
89.10000000 588.11644500 1.00000000
89.20000000 588.11644500 1.00000000
89.30000000 588.11644500 1.00000000
89.40000000 588.11644500 1.00000000
89.50000000 588.11644500 1.00000000
89.60000000 588.11644500 1.00000000
89.70000000 588.11644500 1.00000000
89.80000000 588.11644500 1.00000000
89.90000000 588.11644500 1.00000000
90.00000000 588.11644500 1.00000000
