# Theta (deg), Enclosed Intensity, Normalized Enclosed Intensity
0.00000000 0.00000000 0.00000000
0.10000000 0.00000000 0.00000000
0.20000000 0.00000000 0.00000000
0.30000000 0.00000000 0.00000000
0.40000000 0.00000000 0.00000000
0.50000000 2.91645736 0.00482016
0.60000000 2.91645736 0.00482016
0.70000000 2.91645736 0.00482016
0.80000000 2.91645736 0.00482016
0.90000000 6.77328116 0.01119451
1.00000000 6.77328116 0.01119451
1.10000000 6.77328116 0.01119451
1.20000000 6.77328116 0.01119451
1.30000000 6.77328116 0.01119451
1.40000000 13.67364228 0.02259905
1.50000000 13.67364228 0.02259905
1.60000000 13.67364228 0.02259905
1.70000000 13.67364228 0.02259905
1.80000000 13.67364228 0.02259905
1.90000000 13.67364228 0.02259905
2.00000000 13.67364228 0.02259905
2.10000000 13.67364228 0.02259905
2.20000000 13.67364228 0.02259905
2.30000000 21.38681124 0.03534696
2.40000000 21.38681124 0.03534696
2.50000000 29.10052268 0.04809577
2.60000000 29.10052268 0.04809577
2.70000000 29.10052268 0.04809577
2.80000000 29.10052268 0.04809577
2.90000000 29.10052268 0.04809577
3.00000000 39.13393252 0.06467844
3.10000000 39.13393252 0.06467844
3.20000000 45.14936524 0.07462042
3.30000000 45.14936524 0.07462042
3.40000000 45.14936524 0.07462042
3.50000000 45.14936524 0.07462042
3.60000000 45.14936524 0.07462042
3.70000000 45.14936524 0.07462042
3.80000000 45.14936524 0.07462042
3.90000000 49.55626808 0.08190391
4.00000000 53.40928160 0.08827196
4.10000000 64.97376236 0.10738511
4.20000000 64.97376236 0.10738511
4.30000000 77.97612556 0.12887471
4.40000000 85.67921956 0.14160597
4.50000000 85.67921956 0.14160597
4.60000000 85.67921956 0.14160597
4.70000000 85.67921956 0.14160597
4.80000000 93.38530388 0.15434217
4.90000000 111.81047676 0.18479429
5.00000000 111.81047676 0.18479429
5.10000000 111.81047676 0.18479429
5.20000000 111.81047676 0.18479429
5.30000000 119.50522468 0.19751175
5.40000000 134.67885604 0.22258991
5.50000000 134.67885604 0.22258991
5.60000000 134.67885604 0.22258991
5.70000000 134.67885604 0.22258991
5.80000000 150.05621156 0.24800477
5.90000000 157.70002156 0.26063804
6.00000000 161.04401788 0.26616482
6.10000000 161.04401788 0.26616482
6.20000000 161.04401788 0.26616482
6.30000000 161.04401788 0.26616482
6.40000000 168.67545012 0.27877764
6.50000000 176.14332300 0.29112013
6.60000000 183.82632836 0.30381819
6.70000000 183.82632836 0.30381819
6.80000000 199.97586308 0.33050926
6.90000000 203.78414848 0.33680339
7.00000000 211.45348792 0.34947886
7.10000000 226.32589768 0.37405917
7.20000000 233.22095808 0.38545495
7.30000000 233.22095808 0.38545495
7.40000000 233.22095808 0.38545495
7.50000000 248.41785776 0.41057156
7.60000000 248.41785776 0.41057156
7.70000000 248.41785776 0.41057156
7.80000000 248.41785776 0.41057156
7.90000000 248.41785776 0.41057156
8.00000000 248.41785776 0.41057156
8.10000000 262.84888760 0.43442238
8.20000000 262.84888760 0.43442238
8.30000000 262.84888760 0.43442238
8.40000000 270.20492632 0.44658005
8.50000000 274.01881324 0.45288343
8.60000000 274.01881324 0.45288343
8.70000000 274.01881324 0.45288343
8.80000000 274.01881324 0.45288343
8.90000000 274.01881324 0.45288343
9.00000000 287.39823500 0.47499621
9.10000000 287.39823500 0.47499621
9.20000000 294.70265748 0.48706857
9.30000000 294.70265748 0.48706857
9.40000000 294.70265748 0.48706857
9.50000000 309.87305284 0.51214137
9.60000000 317.38297684 0.52455337
9.70000000 317.38297684 0.52455337
9.80000000 322.17621780 0.53247538
9.90000000 322.17621780 0.53247538
10.00000000 322.17621780 0.53247538
10.10000000 328.73675996 0.54331829
10.20000000 328.73675996 0.54331829
10.30000000 328.73675996 0.54331829
10.40000000 329.79930428 0.54507440
10.50000000 329.79930428 0.54507440
10.60000000 329.79930428 0.54507440
10.70000000 329.79930428 0.54507440
10.80000000 337.77103384 0.55824964
10.90000000 352.10112584 0.58193364
11.00000000 352.10112584 0.58193364
11.10000000 359.36945192 0.59394634
11.20000000 359.36945192 0.59394634
11.30000000 359.36945192 0.59394634
11.40000000 359.36945192 0.59394634
11.50000000 374.14508360 0.61836670
11.60000000 378.57119448 0.62568194
11.70000000 378.57119448 0.62568194
11.80000000 378.57119448 0.62568194
11.90000000 378.57119448 0.62568194
12.00000000 378.57119448 0.62568194
12.10000000 378.57119448 0.62568194
12.20000000 378.57119448 0.62568194
12.30000000 378.57119448 0.62568194
12.40000000 378.57119448 0.62568194
12.50000000 384.79410648 0.63596683
12.60000000 384.79410648 0.63596683
12.70000000 392.07508272 0.64800043
12.80000000 392.07508272 0.64800043
12.90000000 392.07508272 0.64800043
13.00000000 392.07508272 0.64800043
13.10000000 392.07508272 0.64800043
13.20000000 392.07508272 0.64800043
13.30000000 392.07508272 0.64800043
13.40000000 392.07508272 0.64800043
13.50000000 392.07508272 0.64800043
13.60000000 392.07508272 0.64800043
13.70000000 392.07508272 0.64800043
13.80000000 392.07508272 0.64800043
13.90000000 398.07195728 0.65791174
14.00000000 398.07195728 0.65791174
14.10000000 405.18109616 0.66966134
14.20000000 405.18109616 0.66966134
14.30000000 405.18109616 0.66966134
14.40000000 405.18109616 0.66966134
14.50000000 405.18109616 0.66966134
14.60000000 405.18109616 0.66966134
14.70000000 405.18109616 0.66966134
14.80000000 405.18109616 0.66966134
14.90000000 405.18109616 0.66966134
15.00000000 405.18109616 0.66966134
15.10000000 405.18109616 0.66966134
15.20000000 405.18109616 0.66966134
15.30000000 411.89876584 0.68076394
15.40000000 411.89876584 0.68076394
15.50000000 411.89876584 0.68076394
15.60000000 411.89876584 0.68076394
15.70000000 411.89876584 0.68076394
15.80000000 424.98031592 0.70238442
15.90000000 431.78339888 0.71362818
16.00000000 431.78339888 0.71362818
16.10000000 431.78339888 0.71362818
16.20000000 431.78339888 0.71362818
16.30000000 431.78339888 0.71362818
16.40000000 431.78339888 0.71362818
16.50000000 431.78339888 0.71362818
16.60000000 431.78339888 0.71362818
16.70000000 431.78339888 0.71362818
16.80000000 431.86086736 0.71375622
16.90000000 431.86086736 0.71375622
17.00000000 431.86086736 0.71375622
17.10000000 431.86086736 0.71375622
17.20000000 439.88410312 0.72701659
17.30000000 439.88410312 0.72701659
17.40000000 439.88410312 0.72701659
17.50000000 439.88410312 0.72701659
17.60000000 449.17954380 0.74237959
17.70000000 449.17954380 0.74237959
17.80000000 449.17954380 0.74237959
17.90000000 449.17954380 0.74237959
18.00000000 449.17954380 0.74237959
18.10000000 449.17954380 0.74237959
18.20000000 449.17954380 0.74237959
18.30000000 449.17954380 0.74237959
18.40000000 449.17954380 0.74237959
18.50000000 449.17954380 0.74237959
18.60000000 449.17954380 0.74237959
18.70000000 452.06349572 0.74714603
18.80000000 452.06349572 0.74714603
18.90000000 452.06349572 0.74714603
19.00000000 452.06349572 0.74714603
19.10000000 452.06349572 0.74714603
19.20000000 452.06349572 0.74714603
19.30000000 456.92574052 0.75518208
19.40000000 456.92574052 0.75518208
19.50000000 456.92574052 0.75518208
19.60000000 456.92574052 0.75518208
19.70000000 462.57666436 0.76452162
19.80000000 462.57666436 0.76452162
19.90000000 462.57666436 0.76452162
20.00000000 462.57666436 0.76452162
20.10000000 462.57666436 0.76452162
20.20000000 462.58494180 0.76453530
20.30000000 462.58494180 0.76453530
20.40000000 462.58494180 0.76453530
20.50000000 462.58494180 0.76453530
20.60000000 462.58494180 0.76453530
20.70000000 462.58494180 0.76453530
20.80000000 462.58494180 0.76453530
20.90000000 462.58494180 0.76453530
21.00000000 462.58494180 0.76453530
21.10000000 462.58494180 0.76453530
21.20000000 462.58494180 0.76453530
21.30000000 462.58494180 0.76453530
21.40000000 462.58494180 0.76453530
21.50000000 462.58494180 0.76453530
21.60000000 462.58494180 0.76453530
21.70000000 462.58494180 0.76453530
21.80000000 462.58494180 0.76453530
21.90000000 462.58494180 0.76453530
22.00000000 464.74001508 0.76809709
22.10000000 464.74001508 0.76809709
22.20000000 464.74001508 0.76809709
22.30000000 464.74001508 0.76809709
22.40000000 464.76834932 0.76814392
22.50000000 464.76834932 0.76814392
22.60000000 469.46794524 0.77591116
22.70000000 469.46794524 0.77591116
22.80000000 469.46794524 0.77591116
22.90000000 469.46794524 0.77591116
23.00000000 469.46794524 0.77591116
23.10000000 469.46794524 0.77591116
23.20000000 469.46958580 0.77591387
23.30000000 469.46958580 0.77591387
23.40000000 471.66538428 0.77954296
23.50000000 471.66538428 0.77954296
23.60000000 471.69431644 0.77959078
23.70000000 471.69431644 0.77959078
23.80000000 471.69431644 0.77959078
23.90000000 471.69431644 0.77959078
24.00000000 471.69431644 0.77959078
24.10000000 471.69431644 0.77959078
24.20000000 471.69431644 0.77959078
24.30000000 471.69431644 0.77959078
24.40000000 471.69431644 0.77959078
24.50000000 471.69431644 0.77959078
24.60000000 471.69431644 0.77959078
24.70000000 471.69431644 0.77959078
24.80000000 471.84187692 0.77983466
24.90000000 471.84187692 0.77983466
25.00000000 471.84187692 0.77983466
25.10000000 471.84187692 0.77983466
25.20000000 471.84187692 0.77983466
25.30000000 471.84187692 0.77983466
25.40000000 471.84187692 0.77983466
25.50000000 471.84187692 0.77983466
25.60000000 471.84187692 0.77983466
25.70000000 471.84187692 0.77983466
25.80000000 471.84187692 0.77983466
25.90000000 471.84187692 0.77983466
26.00000000 471.84187692 0.77983466
26.10000000 471.84187692 0.77983466
26.20000000 471.84187692 0.77983466
26.30000000 471.86837068 0.77987845
26.40000000 471.87391316 0.77988761
26.50000000 471.87391316 0.77988761
26.60000000 471.91244668 0.77995130
26.70000000 471.91244668 0.77995130
26.80000000 471.91244668 0.77995130
26.90000000 471.91244668 0.77995130
27.00000000 471.91244668 0.77995130
27.10000000 471.93154204 0.77998286
27.20000000 471.93154204 0.77998286
27.30000000 471.93154204 0.77998286
27.40000000 471.93154204 0.77998286
27.50000000 471.93154204 0.77998286
27.60000000 471.93154204 0.77998286
27.70000000 471.93154204 0.77998286
27.80000000 471.93154204 0.77998286
27.90000000 471.93154204 0.77998286
28.00000000 471.93154204 0.77998286
28.10000000 471.93154204 0.77998286
28.20000000 471.93154204 0.77998286
28.30000000 471.93154204 0.77998286
28.40000000 471.93154204 0.77998286
28.50000000 471.93154204 0.77998286
28.60000000 471.93154204 0.77998286
28.70000000 471.93154204 0.77998286
28.80000000 471.93154204 0.77998286
28.90000000 471.93154204 0.77998286
29.00000000 471.93154204 0.77998286
29.10000000 471.93154204 0.77998286
29.20000000 471.93154204 0.77998286
29.30000000 471.93154204 0.77998286
29.40000000 471.93154204 0.77998286
29.50000000 471.93154204 0.77998286
29.60000000 472.01564812 0.78012186
29.70000000 475.23166620 0.78543712
29.80000000 475.23166620 0.78543712
29.90000000 475.23166620 0.78543712
30.00000000 475.23166620 0.78543712
30.10000000 475.23166620 0.78543712
30.20000000 475.23166620 0.78543712
30.30000000 475.23166620 0.78543712
30.40000000 475.23166620 0.78543712
30.50000000 475.26459924 0.78549155
30.60000000 475.26459924 0.78549155
30.70000000 475.26459924 0.78549155
30.80000000 475.26459924 0.78549155
30.90000000 475.26459924 0.78549155
31.00000000 475.26459924 0.78549155
31.10000000 475.26459924 0.78549155
31.20000000 475.27758964 0.78551302
31.30000000 475.27758964 0.78551302
31.40000000 475.27758964 0.78551302
31.50000000 475.27758964 0.78551302
31.60000000 475.27758964 0.78551302
31.70000000 475.27758964 0.78551302
31.80000000 475.27970828 0.78551652
31.90000000 475.27970828 0.78551652
32.00000000 475.27970828 0.78551652
32.10000000 475.27970828 0.78551652
32.20000000 475.27970828 0.78551652
32.30000000 475.27970828 0.78551652
32.40000000 475.27970828 0.78551652
32.50000000 475.27970828 0.78551652
32.60000000 475.27970828 0.78551652
32.70000000 475.27970828 0.78551652
32.80000000 475.27970828 0.78551652
32.90000000 475.27970828 0.78551652
33.00000000 475.41413272 0.78573869
33.10000000 475.41413272 0.78573869
33.20000000 475.41413272 0.78573869
33.30000000 475.41413272 0.78573869
33.40000000 475.41413272 0.78573869
33.50000000 475.41413272 0.78573869
33.60000000 475.41413272 0.78573869
33.70000000 475.41413272 0.78573869
33.80000000 475.41413272 0.78573869
33.90000000 475.41413272 0.78573869
34.00000000 475.41413272 0.78573869
34.10000000 475.41413272 0.78573869
34.20000000 475.41413272 0.78573869
34.30000000 475.41413272 0.78573869
34.40000000 475.41413272 0.78573869
34.50000000 475.41413272 0.78573869
34.60000000 475.41413272 0.78573869
34.70000000 475.41413272 0.78573869
34.80000000 475.41413272 0.78573869
34.90000000 475.41413272 0.78573869
35.00000000 475.41413272 0.78573869
35.10000000 475.41413272 0.78573869
35.20000000 475.41413272 0.78573869
35.30000000 475.41413272 0.78573869
35.40000000 475.41413272 0.78573869
35.50000000 475.41413272 0.78573869
35.60000000 475.41413272 0.78573869
35.70000000 475.41413272 0.78573869
35.80000000 475.41413272 0.78573869
35.90000000 475.41413272 0.78573869
36.00000000 475.41413272 0.78573869
36.10000000 475.41413272 0.78573869
36.20000000 475.41413272 0.78573869
36.30000000 475.41413272 0.78573869
36.40000000 475.41413272 0.78573869
36.50000000 475.41413272 0.78573869
36.60000000 475.41413272 0.78573869
36.70000000 475.41508720 0.78574027
36.80000000 475.41508720 0.78574027
36.90000000 475.41691216 0.78574329
37.00000000 475.41691216 0.78574329
37.10000000 475.41691216 0.78574329
37.20000000 475.41691216 0.78574329
37.30000000 475.41691216 0.78574329
37.40000000 475.42552112 0.78575751
37.50000000 475.42552112 0.78575751
37.60000000 475.42552112 0.78575751
37.70000000 475.42552112 0.78575751
37.80000000 475.42552112 0.78575751
37.90000000 475.42552112 0.78575751
38.00000000 475.42552112 0.78575751
38.10000000 475.42552112 0.78575751
38.20000000 475.42552112 0.78575751
38.30000000 475.42552112 0.78575751
38.40000000 475.42552112 0.78575751
38.50000000 475.42552112 0.78575751
38.60000000 475.42552112 0.78575751
38.70000000 475.42552112 0.78575751
38.80000000 475.42552112 0.78575751
38.90000000 475.42552112 0.78575751
39.00000000 475.42552112 0.78575751
39.10000000 475.42552112 0.78575751
39.20000000 475.42552112 0.78575751
39.30000000 475.42552112 0.78575751
39.40000000 475.42552112 0.78575751
39.50000000 475.42552112 0.78575751
39.60000000 475.42552112 0.78575751
39.70000000 475.42552112 0.78575751
39.80000000 475.42552112 0.78575751
39.90000000 475.42606492 0.78575841
40.00000000 475.42606492 0.78575841
40.10000000 475.42606492 0.78575841
40.20000000 475.42606492 0.78575841
40.30000000 475.42606492 0.78575841
40.40000000 475.42606492 0.78575841
40.50000000 475.43182244 0.78576793
40.60000000 475.43182244 0.78576793
40.70000000 475.43182244 0.78576793
40.80000000 475.43182244 0.78576793
40.90000000 475.43182244 0.78576793
41.00000000 475.45545676 0.78580699
41.10000000 475.45545676 0.78580699
41.20000000 475.45545676 0.78580699
41.30000000 475.45545676 0.78580699
41.40000000 475.45545676 0.78580699
41.50000000 475.45545676 0.78580699
41.60000000 475.46165804 0.78581724
41.70000000 475.46165804 0.78581724
41.80000000 475.46165804 0.78581724
41.90000000 475.46165804 0.78581724
42.00000000 475.46165804 0.78581724
42.10000000 475.46165804 0.78581724
42.20000000 475.46165804 0.78581724
42.30000000 475.46165804 0.78581724
42.40000000 475.46165804 0.78581724
42.50000000 475.46165804 0.78581724
42.60000000 475.46165804 0.78581724
42.70000000 475.46165804 0.78581724
42.80000000 475.46165804 0.78581724
42.90000000 475.46165804 0.78581724
43.00000000 475.46165804 0.78581724
43.10000000 475.46165804 0.78581724
43.20000000 475.46165804 0.78581724
43.30000000 475.46165804 0.78581724
43.40000000 475.46165804 0.78581724
43.50000000 475.46165804 0.78581724
43.60000000 475.46165804 0.78581724
43.70000000 475.46165804 0.78581724
43.80000000 475.46165804 0.78581724
43.90000000 475.46165804 0.78581724
44.00000000 475.46165804 0.78581724
44.10000000 475.47840996 0.78584493
44.20000000 475.47840996 0.78584493
44.30000000 475.47840996 0.78584493
44.40000000 475.47840996 0.78584493
44.50000000 475.47840996 0.78584493
44.60000000 475.47840996 0.78584493
44.70000000 475.47840996 0.78584493
44.80000000 475.47840996 0.78584493
44.90000000 475.47840996 0.78584493
45.00000000 475.48016580 0.78584783
45.10000000 475.48016580 0.78584783
45.20000000 475.48016580 0.78584783
45.30000000 475.48016580 0.78584783
45.40000000 475.48016580 0.78584783
45.50000000 475.48171268 0.78585039
45.60000000 475.48171268 0.78585039
45.70000000 475.48171268 0.78585039
45.80000000 475.48171268 0.78585039
45.90000000 475.48171268 0.78585039
46.00000000 475.48171268 0.78585039
46.10000000 475.48453556 0.78585505
46.20000000 475.48453556 0.78585505
46.30000000 475.48453556 0.78585505
46.40000000 475.48453556 0.78585505
46.50000000 475.48453556 0.78585505
46.60000000 475.48453556 0.78585505
46.70000000 475.48453556 0.78585505
46.80000000 475.48453556 0.78585505
46.90000000 475.48453556 0.78585505
47.00000000 475.48453556 0.78585505
47.10000000 475.48453556 0.78585505
47.20000000 475.48453556 0.78585505
47.30000000 475.48453556 0.78585505
47.40000000 475.48453556 0.78585505
47.50000000 475.48453556 0.78585505
47.60000000 475.62005524 0.78607903
47.70000000 475.62005524 0.78607903
47.80000000 475.62005524 0.78607903
47.90000000 475.62005524 0.78607903
48.00000000 475.62005524 0.78607903
48.10000000 475.62005524 0.78607903
48.20000000 475.62005524 0.78607903
48.30000000 475.62005524 0.78607903
48.40000000 475.62005524 0.78607903
48.50000000 475.62005524 0.78607903
48.60000000 475.62005524 0.78607903
48.70000000 475.62415444 0.78608581
48.80000000 475.62415444 0.78608581
48.90000000 475.62415444 0.78608581
49.00000000 475.62415444 0.78608581
49.10000000 475.62415444 0.78608581
49.20000000 475.62415444 0.78608581
49.30000000 475.62415444 0.78608581
49.40000000 475.62415444 0.78608581
49.50000000 475.62415444 0.78608581
49.60000000 475.62415444 0.78608581
49.70000000 475.62415444 0.78608581
49.80000000 475.65130300 0.78613067
49.90000000 475.65130300 0.78613067
50.00000000 475.65130300 0.78613067
50.10000000 475.65130300 0.78613067
50.20000000 475.65130300 0.78613067
50.30000000 475.65130300 0.78613067
50.40000000 475.65130300 0.78613067
50.50000000 475.65130300 0.78613067
50.60000000 475.65130300 0.78613067
50.70000000 475.65130300 0.78613067
50.80000000 475.80965572 0.78639239
50.90000000 475.80965572 0.78639239
51.00000000 475.81689836 0.78640436
51.10000000 475.81689836 0.78640436
51.20000000 475.81841604 0.78640687
51.30000000 475.81841604 0.78640687
51.40000000 475.81841604 0.78640687
51.50000000 475.81841604 0.78640687
51.60000000 475.81841604 0.78640687
51.70000000 475.81841604 0.78640687
51.80000000 475.87208444 0.78649557
51.90000000 475.87208444 0.78649557
52.00000000 475.87208444 0.78649557
52.10000000 475.87208444 0.78649557
52.20000000 475.87208444 0.78649557
52.30000000 475.87208444 0.78649557
52.40000000 475.87208444 0.78649557
52.50000000 475.87208444 0.78649557
52.60000000 475.87208444 0.78649557
52.70000000 475.87208444 0.78649557
52.80000000 475.87208444 0.78649557
52.90000000 475.87208444 0.78649557
53.00000000 475.87208444 0.78649557
53.10000000 475.87208444 0.78649557
53.20000000 475.87208444 0.78649557
53.30000000 475.87208444 0.78649557
53.40000000 475.87208444 0.78649557
53.50000000 475.87208444 0.78649557
53.60000000 475.87322772 0.78649746
53.70000000 475.87322772 0.78649746
53.80000000 475.87322772 0.78649746
53.90000000 475.87322772 0.78649746
54.00000000 475.87322772 0.78649746
54.10000000 475.87322772 0.78649746
54.20000000 475.87322772 0.78649746
54.30000000 475.87322772 0.78649746
54.40000000 475.87322772 0.78649746
54.50000000 475.87322772 0.78649746
54.60000000 475.87322772 0.78649746
54.70000000 475.87322772 0.78649746
54.80000000 475.87322772 0.78649746
54.90000000 475.87848492 0.78650615
55.00000000 475.87848492 0.78650615
55.10000000 475.87848492 0.78650615
55.20000000 475.87848492 0.78650615
55.30000000 475.87848492 0.78650615
55.40000000 475.92037036 0.78657537
55.50000000 475.92037036 0.78657537
55.60000000 475.92037036 0.78657537
55.70000000 475.96674252 0.78665202
55.80000000 475.96674252 0.78665202
55.90000000 475.96674252 0.78665202
56.00000000 475.96674252 0.78665202
56.10000000 475.96674252 0.78665202
56.20000000 475.96674252 0.78665202
56.30000000 475.96674252 0.78665202
56.40000000 475.96674252 0.78665202
56.50000000 475.96674252 0.78665202
56.60000000 475.99451900 0.78669792
56.70000000 475.99451900 0.78669792
56.80000000 475.99451900 0.78669792
56.90000000 475.99451900 0.78669792
57.00000000 475.99451900 0.78669792
57.10000000 475.99451900 0.78669792
57.20000000 475.99861236 0.78670469
57.30000000 475.99861236 0.78670469
57.40000000 475.99861236 0.78670469
57.50000000 475.99861236 0.78670469
57.60000000 475.99861236 0.78670469
57.70000000 475.99861236 0.78670469
57.80000000 475.99861236 0.78670469
57.90000000 476.03105508 0.78675831
58.00000000 476.03105508 0.78675831
58.10000000 476.03105508 0.78675831
58.20000000 476.03602236 0.78676652
58.30000000 476.03602236 0.78676652
58.40000000 476.03602236 0.78676652
58.50000000 476.03602236 0.78676652
58.60000000 476.03602236 0.78676652
58.70000000 476.10131196 0.78687443
58.80000000 476.10131196 0.78687443
58.90000000 476.10131196 0.78687443
59.00000000 476.10131196 0.78687443
59.10000000 476.10131196 0.78687443
59.20000000 476.10131196 0.78687443
59.30000000 476.10131196 0.78687443
59.40000000 476.10131196 0.78687443
59.50000000 476.10131196 0.78687443
59.60000000 476.10131196 0.78687443
59.70000000 476.17318940 0.78699322
59.80000000 476.17318940 0.78699322
59.90000000 476.17318940 0.78699322
60.00000000 476.17318940 0.78699322
60.10000000 476.17517004 0.78699649
60.20000000 476.17517004 0.78699649
60.30000000 476.17517004 0.78699649
60.40000000 476.17517004 0.78699649
60.50000000 476.17517004 0.78699649
60.60000000 476.17517004 0.78699649
60.70000000 476.17517004 0.78699649
60.80000000 476.17517004 0.78699649
60.90000000 476.17517004 0.78699649
61.00000000 476.17517004 0.78699649
61.10000000 476.17517004 0.78699649
61.20000000 476.17517004 0.78699649
61.30000000 476.17517004 0.78699649
61.40000000 476.17517004 0.78699649
61.50000000 476.17517004 0.78699649
61.60000000 476.19308468 0.78702610
61.70000000 476.19308468 0.78702610
61.80000000 476.19308468 0.78702610
61.90000000 476.21499404 0.78706231
62.00000000 476.21499404 0.78706231
62.10000000 476.26600404 0.78714662
62.20000000 476.26600404 0.78714662
62.30000000 476.28211260 0.78717324
62.40000000 476.28211260 0.78717324
62.50000000 476.28211260 0.78717324
62.60000000 476.28211260 0.78717324
62.70000000 476.28211260 0.78717324
62.80000000 476.28211260 0.78717324
62.90000000 476.28211260 0.78717324
63.00000000 476.29362860 0.78719228
63.10000000 476.29362860 0.78719228
63.20000000 476.29362860 0.78719228
63.30000000 476.29362860 0.78719228
63.40000000 476.29362860 0.78719228
63.50000000 476.31688484 0.78723071
63.60000000 476.32157076 0.78723846
63.70000000 476.32157076 0.78723846
63.80000000 476.32527284 0.78724458
63.90000000 476.33874492 0.78726684
64.00000000 476.33874492 0.78726684
64.10000000 476.33874492 0.78726684
64.20000000 476.33874492 0.78726684
64.30000000 476.35688396 0.78729682
64.40000000 476.35688396 0.78729682
64.50000000 476.35688396 0.78729682
64.60000000 476.35688396 0.78729682
64.70000000 476.35688396 0.78729682
64.80000000 476.35688396 0.78729682
64.90000000 476.35688396 0.78729682
65.00000000 484.35652124 0.80051819
65.10000000 484.38256628 0.80056123
65.20000000 484.39002364 0.80057356
65.30000000 484.39002364 0.80057356
65.40000000 484.41811140 0.80061998
65.50000000 484.42323596 0.80062845
65.60000000 492.42283004 0.81384975
65.70000000 492.42283004 0.81384975
65.80000000 492.42283004 0.81384975
65.90000000 492.42283004 0.81384975
66.00000000 492.42283004 0.81384975
66.10000000 492.42283004 0.81384975
66.20000000 500.42237340 0.82707096
66.30000000 500.42237340 0.82707096
66.40000000 500.42497796 0.82707526
66.50000000 500.42497796 0.82707526
66.60000000 500.42497796 0.82707526
66.70000000 500.44095484 0.82710167
66.80000000 500.44095484 0.82710167
66.90000000 508.44426700 0.84032911
67.00000000 508.44594796 0.84033189
67.10000000 508.44594796 0.84033189
67.20000000 508.49425892 0.84041173
67.30000000 508.49425892 0.84041173
67.40000000 508.49425892 0.84041173
67.50000000 508.49706412 0.84041637
67.60000000 508.50006316 0.84042132
67.70000000 508.50006316 0.84042132
67.80000000 508.50006316 0.84042132
67.90000000 508.50006316 0.84042132
68.00000000 508.50006316 0.84042132
68.10000000 508.50115012 0.84042312
68.20000000 508.50115012 0.84042312
68.30000000 508.50115012 0.84042312
68.40000000 508.50115012 0.84042312
68.50000000 508.50115012 0.84042312
68.60000000 508.50115012 0.84042312
68.70000000 508.50115012 0.84042312
68.80000000 508.50115012 0.84042312
68.90000000 516.50037076 0.85364380
69.00000000 516.58079396 0.85377672
69.10000000 516.58079396 0.85377672
69.20000000 516.58079396 0.85377672
69.30000000 516.58079396 0.85377672
69.40000000 516.58249340 0.85377953
69.50000000 516.58249340 0.85377953
69.60000000 540.57976700 0.89344092
69.70000000 540.57976700 0.89344092
69.80000000 540.58060848 0.89344231
69.90000000 540.58060848 0.89344231
70.00000000 540.85082416 0.89388891
70.10000000 540.85082416 0.89388891
70.20000000 540.85082416 0.89388891
70.30000000 543.80774968 0.89877595
70.40000000 543.80774968 0.89877595
70.50000000 543.80774968 0.89877595
70.60000000 543.80774968 0.89877595
70.70000000 543.80774968 0.89877595
70.80000000 543.80774968 0.89877595
70.90000000 543.80774968 0.89877595
71.00000000 543.80774968 0.89877595
71.10000000 551.80647344 0.91199581
71.20000000 551.80647344 0.91199581
71.30000000 551.80647344 0.91199581
71.40000000 551.80647344 0.91199581
71.50000000 551.80647344 0.91199581
71.60000000 551.80647344 0.91199581
71.70000000 551.80647344 0.91199581
71.80000000 551.80647344 0.91199581
71.90000000 551.80647344 0.91199581
72.00000000 551.80647344 0.91199581
72.10000000 551.80647344 0.91199581
72.20000000 551.80647344 0.91199581
72.30000000 551.80647344 0.91199581
72.40000000 551.80647344 0.91199581
72.50000000 551.80647344 0.91199581
72.60000000 551.80647344 0.91199581
72.70000000 551.80647344 0.91199581
72.80000000 555.80552548 0.91860523
72.90000000 555.80552548 0.91860523
73.00000000 555.80552548 0.91860523
73.10000000 555.80552548 0.91860523
73.20000000 555.80552548 0.91860523
73.30000000 555.80552548 0.91860523
73.40000000 555.80552548 0.91860523
73.50000000 555.80552548 0.91860523
73.60000000 571.80482796 0.94504801
73.70000000 571.80482796 0.94504801
73.80000000 571.80482796 0.94504801
73.90000000 571.80482796 0.94504801
74.00000000 571.80482796 0.94504801
74.10000000 571.80482796 0.94504801
74.20000000 571.80482796 0.94504801
74.30000000 571.80482796 0.94504801
74.40000000 571.80482796 0.94504801
74.50000000 579.80177316 0.95826492
74.60000000 579.80177316 0.95826492
74.70000000 579.80177316 0.95826492
74.80000000 579.80177316 0.95826492
74.90000000 579.80177316 0.95826492
75.00000000 579.80177316 0.95826492
75.10000000 579.80861812 0.95827624
75.20000000 579.80861812 0.95827624
75.30000000 579.80861812 0.95827624
75.40000000 579.80861812 0.95827624
75.50000000 579.80861812 0.95827624
75.60000000 579.80861812 0.95827624
75.70000000 579.80861812 0.95827624
75.80000000 579.80861812 0.95827624
75.90000000 579.80861812 0.95827624
76.00000000 579.80861812 0.95827624
76.10000000 579.80861812 0.95827624
76.20000000 579.80861812 0.95827624
76.30000000 579.80861812 0.95827624
76.40000000 579.80861812 0.95827624
76.50000000 587.80302484 0.97148896
76.60000000 587.80302484 0.97148896
76.70000000 587.80302484 0.97148896
76.80000000 587.80302484 0.97148896
76.90000000 587.84071728 0.97155125
77.00000000 587.84071728 0.97155125
77.10000000 587.84071728 0.97155125
77.20000000 587.84071728 0.97155125
77.30000000 587.84071728 0.97155125
77.40000000 587.84071728 0.97155125
77.50000000 587.84071728 0.97155125
77.60000000 595.83255136 0.98475972
77.70000000 595.83255136 0.98475972
77.80000000 595.83255136 0.98475972
77.90000000 595.83255136 0.98475972
78.00000000 595.83255136 0.98475972
78.10000000 595.83255136 0.98475972
78.20000000 595.84397120 0.98477860
78.30000000 595.84397120 0.98477860
78.40000000 595.84397120 0.98477860
78.50000000 595.84397120 0.98477860
78.60000000 595.84397120 0.98477860
78.70000000 595.84397120 0.98477860
78.80000000 595.84397120 0.98477860
78.90000000 595.84397120 0.98477860
79.00000000 595.84397120 0.98477860
79.10000000 595.84397120 0.98477860
79.20000000 595.84397120 0.98477860
79.30000000 595.84397120 0.98477860
79.40000000 595.84397120 0.98477860
79.50000000 595.84397120 0.98477860
79.60000000 595.84397120 0.98477860
79.70000000 595.84397120 0.98477860
79.80000000 595.84397120 0.98477860
79.90000000 595.84397120 0.98477860
80.00000000 595.84397120 0.98477860
80.10000000 595.84397120 0.98477860
80.20000000 595.84397120 0.98477860
80.30000000 595.84397120 0.98477860
80.40000000 595.85566640 0.98479793
80.50000000 595.85566640 0.98479793
80.60000000 595.85566640 0.98479793
80.70000000 595.85566640 0.98479793
80.80000000 595.85566640 0.98479793
80.90000000 595.85566640 0.98479793
81.00000000 595.85566640 0.98479793
81.10000000 595.85566640 0.98479793
81.20000000 595.85566640 0.98479793
81.30000000 595.85566640 0.98479793
81.40000000 595.85566640 0.98479793
81.50000000 595.85566640 0.98479793
81.60000000 595.85566640 0.98479793
81.70000000 595.85566640 0.98479793
81.80000000 595.85566640 0.98479793
81.90000000 595.85566640 0.98479793
82.00000000 595.85566640 0.98479793
82.10000000 595.85566640 0.98479793
82.20000000 595.85566640 0.98479793
82.30000000 595.85566640 0.98479793
82.40000000 595.85566640 0.98479793
82.50000000 595.85566640 0.98479793
82.60000000 595.85566640 0.98479793
82.70000000 595.85566640 0.98479793
82.80000000 595.85566640 0.98479793
82.90000000 595.85566640 0.98479793
83.00000000 595.85566640 0.98479793
83.10000000 595.85566640 0.98479793
83.20000000 595.85566640 0.98479793
83.30000000 604.34113784 0.99882225
83.40000000 604.34113784 0.99882225
83.50000000 604.34389768 0.99882682
83.60000000 604.34389768 0.99882682
83.70000000 604.34389768 0.99882682
83.80000000 604.34389768 0.99882682
83.90000000 604.34389768 0.99882682
84.00000000 604.34389768 0.99882682
84.10000000 604.34389768 0.99882682
84.20000000 604.34389768 0.99882682
84.30000000 604.34389768 0.99882682
84.40000000 604.34389768 0.99882682
84.50000000 604.34389768 0.99882682
84.60000000 604.34389768 0.99882682
84.70000000 604.34389768 0.99882682
84.80000000 604.34389768 0.99882682
84.90000000 604.34389768 0.99882682
85.00000000 604.34623880 0.99883068
85.10000000 604.34623880 0.99883068
85.20000000 604.34623880 0.99883068
85.30000000 604.34623880 0.99883068
85.40000000 604.34623880 0.99883068
85.50000000 604.34623880 0.99883068
85.60000000 604.34623880 0.99883068
85.70000000 604.57124680 0.99920257
85.80000000 604.57124680 0.99920257
85.90000000 604.57124680 0.99920257
86.00000000 604.57124680 0.99920257
86.10000000 604.57124680 0.99920257
86.20000000 604.57124680 0.99920257
86.30000000 604.57124680 0.99920257
86.40000000 604.57124680 0.99920257
86.50000000 604.57124680 0.99920257
86.60000000 604.57124680 0.99920257
86.70000000 604.57124680 0.99920257
86.80000000 604.63862600 0.99931393
86.90000000 604.63862600 0.99931393
87.00000000 604.63862600 0.99931393
87.10000000 604.63862600 0.99931393
87.20000000 604.63862600 0.99931393
87.30000000 604.63862600 0.99931393
87.40000000 604.63862600 0.99931393
87.50000000 604.63862600 0.99931393
87.60000000 604.63862600 0.99931393
87.70000000 604.63862600 0.99931393
87.80000000 604.63862600 0.99931393
87.90000000 604.79644592 0.99957476
88.00000000 604.79644592 0.99957476
88.10000000 604.79644592 0.99957476
88.20000000 604.79644592 0.99957476
88.30000000 604.79644592 0.99957476
88.40000000 604.79644592 0.99957476
88.50000000 604.79644592 0.99957476
88.60000000 604.79644592 0.99957476
88.70000000 604.79644592 0.99957476
88.80000000 604.79644592 0.99957476
88.90000000 604.79644592 0.99957476
89.00000000 604.83377392 0.99963646
89.10000000 604.83377392 0.99963646
89.20000000 604.83377392 0.99963646
89.30000000 604.83377392 0.99963646
89.40000000 604.83377392 0.99963646
89.50000000 604.83377392 0.99963646
89.60000000 604.83377392 0.99963646
89.70000000 604.83377392 0.99963646
89.80000000 605.05373744 1.00000000
89.90000000 605.05373744 1.00000000
90.00000000 605.05373744 1.00000000
