# Theta (deg), Enclosed Intensity, Normalized Enclosed Intensity
0.00000000 0.00000000 0.00000000
0.10000000 0.00000000 0.00000000
0.20000000 0.10725608 0.00016666
0.30000000 0.10725608 0.00016666
0.40000000 0.12466456 0.00019371
0.50000000 4.10637872 0.00638080
0.60000000 11.90747344 0.01850274
0.70000000 11.90747344 0.01850274
0.80000000 11.90747344 0.01850274
0.90000000 11.90747344 0.01850274
1.00000000 11.90747344 0.01850274
1.10000000 11.90747344 0.01850274
1.20000000 11.90747344 0.01850274
1.30000000 19.87077336 0.03087672
1.40000000 19.87547984 0.03088403
1.50000000 19.87547984 0.03088403
1.60000000 19.87547984 0.03088403
1.70000000 19.87547984 0.03088403
1.80000000 19.87547984 0.03088403
1.90000000 19.87547984 0.03088403
2.00000000 23.85714620 0.03707105
2.10000000 23.85714620 0.03707105
2.20000000 31.81977076 0.04944398
2.30000000 39.74272220 0.06175526
2.40000000 39.74272220 0.06175526
2.50000000 39.74545788 0.06175951
2.60000000 39.74545788 0.06175951
2.70000000 39.74545788 0.06175951
2.80000000 39.74545788 0.06175951
2.90000000 46.76628340 0.07266901
3.00000000 46.76628340 0.07266901
3.10000000 58.70682808 0.09122313
3.20000000 66.60231408 0.10349174
3.30000000 66.60231408 0.10349174
3.40000000 66.60231408 0.10349174
3.50000000 66.60231408 0.10349174
3.60000000 86.79275632 0.13486518
3.70000000 86.79275632 0.13486518
3.80000000 86.79275632 0.13486518
3.90000000 86.79275632 0.13486518
4.00000000 91.29999704 0.14186888
4.10000000 99.25388216 0.15422823
4.20000000 99.25388216 0.15422823
4.30000000 107.21379288 0.16659694
4.40000000 107.21379288 0.16659694
4.50000000 107.21379288 0.16659694
4.60000000 107.21379288 0.16659694
4.70000000 107.21379288 0.16659694
4.80000000 107.21379288 0.16659694
4.90000000 115.18495964 0.17898315
5.00000000 115.18495964 0.17898315
5.10000000 115.18495964 0.17898315
5.20000000 122.67396228 0.19062013
5.30000000 122.68367788 0.19063523
5.40000000 122.68367788 0.19063523
5.50000000 138.42586268 0.21509663
5.60000000 150.36337696 0.23364605
5.70000000 150.36337696 0.23364605
5.80000000 150.36337696 0.23364605
5.90000000 150.36337696 0.23364605
6.00000000 150.36337696 0.23364605
6.10000000 150.36337696 0.23364605
6.20000000 150.36337696 0.23364605
6.30000000 154.33290416 0.23981420
6.40000000 154.34132784 0.23982729
6.50000000 154.34132784 0.23982729
6.60000000 154.34132784 0.23982729
6.70000000 154.34132784 0.23982729
6.80000000 154.34132784 0.23982729
6.90000000 170.14053048 0.26437729
7.00000000 170.14053048 0.26437729
7.10000000 170.14053048 0.26437729
7.20000000 170.14053048 0.26437729
7.30000000 170.14053048 0.26437729
7.40000000 170.15555728 0.26440064
7.50000000 170.15555728 0.26440064
7.60000000 170.15555728 0.26440064
7.70000000 170.15555728 0.26440064
7.80000000 170.15555728 0.26440064
7.90000000 177.90443464 0.27644144
8.00000000 185.86546152 0.28881189
8.10000000 185.92719968 0.28890782
8.20000000 196.98039272 0.30608311
8.30000000 204.92298280 0.31842491
8.40000000 204.92298280 0.31842491
8.50000000 204.92298280 0.31842491
8.60000000 204.92298280 0.31842491
8.70000000 205.03462752 0.31859839
8.80000000 205.19659056 0.31885006
8.90000000 205.22382432 0.31889238
9.00000000 205.22382432 0.31889238
9.10000000 205.22382432 0.31889238
9.20000000 205.22382432 0.31889238
9.30000000 205.22382432 0.31889238
9.40000000 205.22382432 0.31889238
9.50000000 205.22382432 0.31889238
9.60000000 205.22382432 0.31889238
9.70000000 225.18389928 0.34990786
9.80000000 225.18389928 0.34990786
9.90000000 225.18389928 0.34990786
10.00000000 229.15119112 0.35607254
10.10000000 229.15119112 0.35607254
10.20000000 237.09144688 0.36841072
10.30000000 237.09144688 0.36841072
10.40000000 237.09144688 0.36841072
10.50000000 237.09144688 0.36841072
10.60000000 237.09144688 0.36841072
10.70000000 237.09144688 0.36841072
10.80000000 237.09144688 0.36841072
10.90000000 251.30517488 0.39049709
11.00000000 259.17640200 0.40272800
11.10000000 259.17640200 0.40272800
11.20000000 259.17640200 0.40272800
11.30000000 259.20499328 0.40277243
11.40000000 259.20499328 0.40277243
11.50000000 267.10411800 0.41504669
11.60000000 267.10411800 0.41504669
11.70000000 275.01752088 0.42734313
11.80000000 275.01752088 0.42734313
11.90000000 282.73261536 0.43933144
12.00000000 298.58095520 0.46395779
12.10000000 298.58095520 0.46395779
12.20000000 298.58578080 0.46396529
12.30000000 298.58578080 0.46396529
12.40000000 298.67365312 0.46410183
12.50000000 298.67365312 0.46410183
12.60000000 298.67365312 0.46410183
12.70000000 306.02568536 0.47552598
12.80000000 306.02568536 0.47552598
12.90000000 306.05095664 0.47556525
13.00000000 306.05095664 0.47556525
13.10000000 306.05095664 0.47556525
13.20000000 321.74051424 0.49994487
13.30000000 334.77666768 0.52020144
13.40000000 334.77666768 0.52020144
13.50000000 342.64960360 0.53243501
13.60000000 342.64960360 0.53243501
13.70000000 342.64960360 0.53243501
13.80000000 354.04475384 0.55014166
13.90000000 354.04475384 0.55014166
14.00000000 354.04475384 0.55014166
14.10000000 354.04475384 0.55014166
14.20000000 354.05492624 0.55015747
14.30000000 354.05492624 0.55015747
14.40000000 354.05492624 0.55015747
14.50000000 354.05492624 0.55015747
14.60000000 369.47807688 0.57412313
14.70000000 369.55547568 0.57424340
14.80000000 369.55547568 0.57424340
14.90000000 369.55779712 0.57424700
15.00000000 369.87933312 0.57474663
15.10000000 377.05631976 0.58589878
15.20000000 377.56056936 0.58668232
15.30000000 377.56056936 0.58668232
15.40000000 377.56056936 0.58668232
15.50000000 377.56056936 0.58668232
15.60000000 380.88033512 0.59184083
15.70000000 380.88033512 0.59184083
15.80000000 380.88033512 0.59184083
15.90000000 380.88033512 0.59184083
16.00000000 380.88693920 0.59185109
16.10000000 380.88693920 0.59185109
16.20000000 388.34178752 0.60343500
16.30000000 388.34178752 0.60343500
16.40000000 388.34178752 0.60343500
16.50000000 388.34378176 0.60343810
16.60000000 388.34485664 0.60343977
16.70000000 388.34485664 0.60343977
16.80000000 388.34485664 0.60343977
16.90000000 388.34485664 0.60343977
17.00000000 388.34485664 0.60343977
17.10000000 388.34718528 0.60344338
17.20000000 388.34718528 0.60344338
17.30000000 388.34718528 0.60344338
17.40000000 388.35065868 0.60344878
17.50000000 388.35065868 0.60344878
17.60000000 388.35065868 0.60344878
17.70000000 388.35065868 0.60344878
17.80000000 388.35065868 0.60344878
17.90000000 395.29124260 0.61423359
18.00000000 395.29124260 0.61423359
18.10000000 395.29285604 0.61423610
18.20000000 403.19626612 0.62651702
18.30000000 403.19626612 0.62651702
18.40000000 403.19732180 0.62651866
18.50000000 403.19732180 0.62651866
18.60000000 410.98356508 0.63861751
18.70000000 410.98356508 0.63861751
18.80000000 410.98356508 0.63861751
18.90000000 411.01415836 0.63866505
19.00000000 411.01415836 0.63866505
19.10000000 421.91598016 0.65560513
19.20000000 421.91598016 0.65560513
19.30000000 421.91598016 0.65560513
19.40000000 421.91598016 0.65560513
19.50000000 421.91598016 0.65560513
19.60000000 421.91598016 0.65560513
19.70000000 421.91598016 0.65560513
19.80000000 422.09056288 0.65587641
19.90000000 422.09056288 0.65587641
20.00000000 422.09056288 0.65587641
20.10000000 422.09056288 0.65587641
20.20000000 422.09056288 0.65587641
20.30000000 422.09056288 0.65587641
20.40000000 422.09056288 0.65587641
20.50000000 422.09056288 0.65587641
20.60000000 422.09056288 0.65587641
20.70000000 429.65739264 0.66763433
20.80000000 429.65739264 0.66763433
20.90000000 429.65739264 0.66763433
21.00000000 429.65739264 0.66763433
21.10000000 449.24632944 0.69807311
21.20000000 449.24632944 0.69807311
21.30000000 456.89149880 0.70995275
21.40000000 456.89149880 0.70995275
21.50000000 456.89149880 0.70995275
21.60000000 456.89149880 0.70995275
21.70000000 456.89149880 0.70995275
21.80000000 456.89149880 0.70995275
21.90000000 458.97146916 0.71318477
22.00000000 458.97146916 0.71318477
22.10000000 458.97146916 0.71318477
22.20000000 458.97146916 0.71318477
22.30000000 460.06490052 0.71488382
22.40000000 460.06490052 0.71488382
22.50000000 460.06490052 0.71488382
22.60000000 460.06580316 0.71488523
22.70000000 460.06580316 0.71488523
22.80000000 460.06580316 0.71488523
22.90000000 460.20155308 0.71509616
23.00000000 460.20155308 0.71509616
23.10000000 460.20155308 0.71509616
23.20000000 460.20155308 0.71509616
23.30000000 460.20155308 0.71509616
23.40000000 460.20155308 0.71509616
23.50000000 467.41995828 0.72631267
23.60000000 467.41995828 0.72631267
23.70000000 467.41995828 0.72631267
23.80000000 467.41995828 0.72631267
23.90000000 467.41995828 0.72631267
24.00000000 467.41995828 0.72631267
24.10000000 467.41995828 0.72631267
24.20000000 467.41995828 0.72631267
24.30000000 474.80093452 0.73778179
24.40000000 474.80093452 0.73778179
24.50000000 474.80093452 0.73778179
24.60000000 474.80093452 0.73778179
24.70000000 474.80093452 0.73778179
24.80000000 474.80093452 0.73778179
24.90000000 474.80093452 0.73778179
25.00000000 474.80093452 0.73778179
25.10000000 474.80093452 0.73778179
25.20000000 474.80093452 0.73778179
25.30000000 474.80093452 0.73778179
25.40000000 489.95077308 0.76132276
25.50000000 489.95077308 0.76132276
25.60000000 489.95077308 0.76132276
25.70000000 489.95077308 0.76132276
25.80000000 489.95077308 0.76132276
25.90000000 489.95077308 0.76132276
26.00000000 489.95077308 0.76132276
26.10000000 489.95077308 0.76132276
26.20000000 489.95077308 0.76132276
26.30000000 496.33003380 0.77123535
26.40000000 496.33003380 0.77123535
26.50000000 496.33003380 0.77123535
26.60000000 496.33003380 0.77123535
26.70000000 496.33003380 0.77123535
26.80000000 496.33003380 0.77123535
26.90000000 496.33003380 0.77123535
27.00000000 496.33003380 0.77123535
27.10000000 496.33003380 0.77123535
27.20000000 499.38099780 0.77597616
27.30000000 499.38099780 0.77597616
27.40000000 499.38099780 0.77597616
27.50000000 499.38099780 0.77597616
27.60000000 506.17422356 0.78653200
27.70000000 506.17422356 0.78653200
27.80000000 506.17799412 0.78653785
27.90000000 506.17799412 0.78653785
28.00000000 506.17799412 0.78653785
28.10000000 506.17799412 0.78653785
28.20000000 506.17799412 0.78653785
28.30000000 506.17799412 0.78653785
28.40000000 506.17799412 0.78653785
28.50000000 506.17970588 0.78654051
28.60000000 506.17970588 0.78654051
28.70000000 506.17970588 0.78654051
28.80000000 506.17970588 0.78654051
28.90000000 506.17970588 0.78654051
29.00000000 506.17970588 0.78654051
29.10000000 506.17970588 0.78654051
29.20000000 506.17970588 0.78654051
29.30000000 506.17970588 0.78654051
29.40000000 506.17970588 0.78654051
29.50000000 506.17970588 0.78654051
29.60000000 506.17970588 0.78654051
29.70000000 506.17970588 0.78654051
29.80000000 506.17970588 0.78654051
29.90000000 513.54688700 0.79798820
30.00000000 513.54688700 0.79798820
30.10000000 513.54688700 0.79798820
30.20000000 513.54688700 0.79798820
30.30000000 513.54688700 0.79798820
30.40000000 513.54688700 0.79798820
30.50000000 513.54688700 0.79798820
30.60000000 513.54688700 0.79798820
30.70000000 513.54688700 0.79798820
30.80000000 513.54688700 0.79798820
30.90000000 513.54688700 0.79798820
31.00000000 513.54688700 0.79798820
31.10000000 513.54688700 0.79798820
31.20000000 513.54688700 0.79798820
31.30000000 513.54688700 0.79798820
31.40000000 513.54688700 0.79798820
31.50000000 513.54688700 0.79798820
31.60000000 513.54688700 0.79798820
31.70000000 513.54751012 0.79798917
31.80000000 513.54751012 0.79798917
31.90000000 513.54751012 0.79798917
32.00000000 513.71278596 0.79824599
32.10000000 513.71278596 0.79824599
32.20000000 513.71278596 0.79824599
32.30000000 513.71278596 0.79824599
32.40000000 513.71278596 0.79824599
32.50000000 513.71278596 0.79824599
32.60000000 513.71278596 0.79824599
32.70000000 513.71278596 0.79824599
32.80000000 513.71278596 0.79824599
32.90000000 513.76480788 0.79832682
33.00000000 513.76480788 0.79832682
33.10000000 513.76480788 0.79832682
33.20000000 513.76856252 0.79833266
33.30000000 513.76856252 0.79833266
33.40000000 513.76856252 0.79833266
33.50000000 526.50877340 0.81812937
33.60000000 526.51010252 0.81813143
33.70000000 526.53244572 0.81816615
33.80000000 526.53617676 0.81817195
33.90000000 526.53617676 0.81817195
34.00000000 526.53617676 0.81817195
34.10000000 526.53617676 0.81817195
34.20000000 526.53617676 0.81817195
34.30000000 526.53617676 0.81817195
34.40000000 526.53617676 0.81817195
34.50000000 533.26349348 0.82862536
34.60000000 533.26349348 0.82862536
34.70000000 533.26536892 0.82862828
34.80000000 533.26536892 0.82862828
34.90000000 533.26536892 0.82862828
35.00000000 533.26536892 0.82862828
35.10000000 533.26536892 0.82862828
35.20000000 533.26536892 0.82862828
35.30000000 540.24043300 0.83946666
35.40000000 540.24043300 0.83946666
35.50000000 540.24043300 0.83946666
35.60000000 540.24043300 0.83946666
35.70000000 540.24043300 0.83946666
35.80000000 540.24043300 0.83946666
35.90000000 540.24043300 0.83946666
36.00000000 540.24043300 0.83946666
36.10000000 540.25236036 0.83948520
36.20000000 540.25236036 0.83948520
36.30000000 540.25236036 0.83948520
36.40000000 540.25236036 0.83948520
36.50000000 540.25236036 0.83948520
36.60000000 540.25236036 0.83948520
36.70000000 540.25236036 0.83948520
36.80000000 540.25236036 0.83948520
36.90000000 540.25236036 0.83948520
37.00000000 540.25236036 0.83948520
37.10000000 540.25236036 0.83948520
37.20000000 540.25236036 0.83948520
37.30000000 540.25236036 0.83948520
37.40000000 540.25236036 0.83948520
37.50000000 540.25236036 0.83948520
37.60000000 540.25236036 0.83948520
37.70000000 540.25236036 0.83948520
37.80000000 540.25236036 0.83948520
37.90000000 540.25236036 0.83948520
38.00000000 540.25236036 0.83948520
38.10000000 540.25236036 0.83948520
38.20000000 540.25236036 0.83948520
38.30000000 540.25236036 0.83948520
38.40000000 540.25236036 0.83948520
38.50000000 540.25236036 0.83948520
38.60000000 540.25236036 0.83948520
38.70000000 540.25236036 0.83948520
38.80000000 540.25236036 0.83948520
38.90000000 544.47518268 0.84604694
39.00000000 544.47518268 0.84604694
39.10000000 544.47518268 0.84604694
39.20000000 544.47518268 0.84604694
39.30000000 549.07170156 0.85318936
39.40000000 549.07170156 0.85318936
39.50000000 549.10072988 0.85323447
39.60000000 549.10072988 0.85323447
39.70000000 549.10072988 0.85323447
39.80000000 549.10072988 0.85323447
39.90000000 549.10072988 0.85323447
40.00000000 549.10072988 0.85323447
40.10000000 549.35178572 0.85362457
40.20000000 549.35178572 0.85362457
40.30000000 549.35289292 0.85362630
40.40000000 549.35289292 0.85362630
40.50000000 549.35289292 0.85362630
40.60000000 549.35289292 0.85362630
40.70000000 549.35289292 0.85362630
40.80000000 554.68863116 0.86191737
40.90000000 554.68863116 0.86191737
41.00000000 554.69381692 0.86192543
41.10000000 554.69381692 0.86192543
41.20000000 554.69381692 0.86192543
41.30000000 554.69381692 0.86192543
41.40000000 554.69381692 0.86192543
41.50000000 554.69381692 0.86192543
41.60000000 554.69381692 0.86192543
41.70000000 554.69381692 0.86192543
41.80000000 554.69381692 0.86192543
41.90000000 554.69381692 0.86192543
42.00000000 560.71004604 0.87127390
42.10000000 560.71004604 0.87127390
42.20000000 560.71004604 0.87127390
42.30000000 560.71004604 0.87127390
42.40000000 560.71004604 0.87127390
42.50000000 560.71004604 0.87127390
42.60000000 560.71004604 0.87127390
42.70000000 560.71004604 0.87127390
42.80000000 560.71004604 0.87127390
42.90000000 567.17155372 0.88131429
43.00000000 567.17155372 0.88131429
43.10000000 567.17155372 0.88131429
43.20000000 567.17155372 0.88131429
43.30000000 567.17155372 0.88131429
43.40000000 567.17155372 0.88131429
43.50000000 567.17155372 0.88131429
43.60000000 567.17155372 0.88131429
43.70000000 567.17155372 0.88131429
43.80000000 567.17155372 0.88131429
43.90000000 567.17155372 0.88131429
44.00000000 567.17155372 0.88131429
44.10000000 567.17155372 0.88131429
44.20000000 567.17155372 0.88131429
44.30000000 567.17155372 0.88131429
44.40000000 567.17155372 0.88131429
44.50000000 567.17155372 0.88131429
44.60000000 567.17155372 0.88131429
44.70000000 567.17155372 0.88131429
44.80000000 567.17489068 0.88131947
44.90000000 567.17489068 0.88131947
45.00000000 567.17489068 0.88131947
45.10000000 567.17489068 0.88131947
45.20000000 567.17489068 0.88131947
45.30000000 567.17489068 0.88131947
45.40000000 567.17489068 0.88131947
45.50000000 567.17489068 0.88131947
45.60000000 567.17489068 0.88131947
45.70000000 567.17489068 0.88131947
45.80000000 567.17489068 0.88131947
45.90000000 567.17489068 0.88131947
46.00000000 567.17489068 0.88131947
46.10000000 567.17489068 0.88131947
46.20000000 567.17489068 0.88131947
46.30000000 567.17489068 0.88131947
46.40000000 567.17489068 0.88131947
46.50000000 567.17489068 0.88131947
46.60000000 567.17489068 0.88131947
46.70000000 567.17489068 0.88131947
46.80000000 567.17489068 0.88131947
46.90000000 567.17489068 0.88131947
47.00000000 567.17489068 0.88131947
47.10000000 567.17489068 0.88131947
47.20000000 567.17489068 0.88131947
47.30000000 567.17489068 0.88131947
47.40000000 567.17489068 0.88131947
47.50000000 567.17489068 0.88131947
47.60000000 567.17489068 0.88131947
47.70000000 567.17489068 0.88131947
47.80000000 567.17489068 0.88131947
47.90000000 568.04401236 0.88266998
48.00000000 568.04401236 0.88266998
48.10000000 568.04938236 0.88267832
48.20000000 568.04938236 0.88267832
48.30000000 568.04938236 0.88267832
48.40000000 568.04938236 0.88267832
48.50000000 568.04938236 0.88267832
48.60000000 568.04938236 0.88267832
48.70000000 568.04938236 0.88267832
48.80000000 568.11259592 0.88277655
48.90000000 568.11259592 0.88277655
49.00000000 568.11259592 0.88277655
49.10000000 568.11372400 0.88277830
49.20000000 568.11372400 0.88277830
49.30000000 568.11372400 0.88277830
49.40000000 568.11372400 0.88277830
49.50000000 568.11372400 0.88277830
49.60000000 568.11372400 0.88277830
49.70000000 568.11372400 0.88277830
49.80000000 568.11372400 0.88277830
49.90000000 568.11372400 0.88277830
50.00000000 568.11372400 0.88277830
50.10000000 568.11372400 0.88277830
50.20000000 568.11372400 0.88277830
50.30000000 568.11372400 0.88277830
50.40000000 568.11372400 0.88277830
50.50000000 568.11372400 0.88277830
50.60000000 568.11372400 0.88277830
50.70000000 568.11372400 0.88277830
50.80000000 568.11372400 0.88277830
50.90000000 568.11372400 0.88277830
51.00000000 568.11372400 0.88277830
51.10000000 568.11372400 0.88277830
51.20000000 568.11372400 0.88277830
51.30000000 568.14542848 0.88282757
51.40000000 568.14542848 0.88282757
51.50000000 568.14542848 0.88282757
51.60000000 568.14542848 0.88282757
51.70000000 568.14542848 0.88282757
51.80000000 568.14542848 0.88282757
51.90000000 568.14542848 0.88282757
52.00000000 568.14542848 0.88282757
52.10000000 568.14843904 0.88283224
52.20000000 568.14843904 0.88283224
52.30000000 568.14843904 0.88283224
52.40000000 568.14843904 0.88283224
52.50000000 568.14843904 0.88283224
52.60000000 568.14843904 0.88283224
52.70000000 568.14843904 0.88283224
52.80000000 568.14843904 0.88283224
52.90000000 568.14843904 0.88283224
53.00000000 568.14843904 0.88283224
53.10000000 568.14843904 0.88283224
53.20000000 583.41430576 0.90655351
53.30000000 583.41430576 0.90655351
53.40000000 583.41430576 0.90655351
53.50000000 583.41430576 0.90655351
53.60000000 583.41430576 0.90655351
53.70000000 583.41430576 0.90655351
53.80000000 583.41430576 0.90655351
53.90000000 583.41430576 0.90655351
54.00000000 583.41430576 0.90655351
54.10000000 589.35305064 0.91578158
54.20000000 589.35305064 0.91578158
54.30000000 589.35305064 0.91578158
54.40000000 589.35305064 0.91578158
54.50000000 589.35305064 0.91578158
54.60000000 589.35305064 0.91578158
54.70000000 589.35305064 0.91578158
54.80000000 589.59915552 0.91616400
54.90000000 589.59915552 0.91616400
55.00000000 589.59915552 0.91616400
55.10000000 589.59915552 0.91616400
55.20000000 589.59915552 0.91616400
55.30000000 589.59915552 0.91616400
55.40000000 589.59915552 0.91616400
55.50000000 589.59915552 0.91616400
55.60000000 589.59915552 0.91616400
55.70000000 589.59915552 0.91616400
55.80000000 589.59915552 0.91616400
55.90000000 589.59915552 0.91616400
56.00000000 589.59915552 0.91616400
56.10000000 589.59915552 0.91616400
56.20000000 589.59915552 0.91616400
56.30000000 589.59915552 0.91616400
56.40000000 589.59915552 0.91616400
56.50000000 589.59915552 0.91616400
56.60000000 589.59915552 0.91616400
56.70000000 589.59915552 0.91616400
56.80000000 589.59915552 0.91616400
56.90000000 589.59915552 0.91616400
57.00000000 589.61586480 0.91618996
57.10000000 589.61586480 0.91618996
57.20000000 589.61586480 0.91618996
57.30000000 589.61586480 0.91618996
57.40000000 589.61586480 0.91618996
57.50000000 589.61586480 0.91618996
57.60000000 589.61586480 0.91618996
57.70000000 589.61586480 0.91618996
57.80000000 589.61586480 0.91618996
57.90000000 589.61586480 0.91618996
58.00000000 589.61586480 0.91618996
58.10000000 589.62725736 0.91620766
58.20000000 589.62725736 0.91620766
58.30000000 589.62725736 0.91620766
58.40000000 589.62725736 0.91620766
58.50000000 589.62725736 0.91620766
58.60000000 589.62915832 0.91621062
58.70000000 589.62915832 0.91621062
58.80000000 589.62915832 0.91621062
58.90000000 589.62915832 0.91621062
59.00000000 589.62915832 0.91621062
59.10000000 589.62915832 0.91621062
59.20000000 589.62915832 0.91621062
59.30000000 589.62915832 0.91621062
59.40000000 589.62915832 0.91621062
59.50000000 589.62915832 0.91621062
59.60000000 589.62915832 0.91621062
59.70000000 589.62915832 0.91621062
59.80000000 589.62915832 0.91621062
59.90000000 589.62915832 0.91621062
60.00000000 589.62915832 0.91621062
60.10000000 589.62915832 0.91621062
60.20000000 589.62915832 0.91621062
60.30000000 589.62915832 0.91621062
60.40000000 589.62915832 0.91621062
60.50000000 589.62915832 0.91621062
60.60000000 589.62915832 0.91621062
60.70000000 589.62915832 0.91621062
60.80000000 589.62915832 0.91621062
60.90000000 589.62915832 0.91621062
61.00000000 589.62915832 0.91621062
61.10000000 589.62915832 0.91621062
61.20000000 589.62915832 0.91621062
61.30000000 589.62915832 0.91621062
61.40000000 589.62915832 0.91621062
61.50000000 589.62915832 0.91621062
61.60000000 589.63524568 0.91622008
61.70000000 589.63524568 0.91622008
61.80000000 589.63524568 0.91622008
61.90000000 589.63524568 0.91622008
62.00000000 589.63524568 0.91622008
62.10000000 589.63524568 0.91622008
62.20000000 589.63524568 0.91622008
62.30000000 589.63524568 0.91622008
62.40000000 589.63524568 0.91622008
62.50000000 589.63524568 0.91622008
62.60000000 589.63524568 0.91622008
62.70000000 589.63524568 0.91622008
62.80000000 589.63524568 0.91622008
62.90000000 589.63524568 0.91622008
63.00000000 589.63524568 0.91622008
63.10000000 589.63524568 0.91622008
63.20000000 589.63524568 0.91622008
63.30000000 589.63524568 0.91622008
63.40000000 589.63524568 0.91622008
63.50000000 589.63524568 0.91622008
63.60000000 589.63524568 0.91622008
63.70000000 589.63524568 0.91622008
63.80000000 589.63524568 0.91622008
63.90000000 589.63524568 0.91622008
64.00000000 589.63524568 0.91622008
64.10000000 589.63524568 0.91622008
64.20000000 589.63524568 0.91622008
64.30000000 589.63524568 0.91622008
64.40000000 589.63524568 0.91622008
64.50000000 589.63524568 0.91622008
64.60000000 589.63524568 0.91622008
64.70000000 589.63524568 0.91622008
64.80000000 589.63524568 0.91622008
64.90000000 589.63524568 0.91622008
65.00000000 589.63524568 0.91622008
65.10000000 589.63524568 0.91622008
65.20000000 589.63524568 0.91622008
65.30000000 589.63524568 0.91622008
65.40000000 589.63524568 0.91622008
65.50000000 589.63524568 0.91622008
65.60000000 589.63524568 0.91622008
65.70000000 589.63524568 0.91622008
65.80000000 589.63524568 0.91622008
65.90000000 589.63524568 0.91622008
66.00000000 589.63524568 0.91622008
66.10000000 589.63524568 0.91622008
66.20000000 589.63524568 0.91622008
66.30000000 589.63524568 0.91622008
66.40000000 589.63524568 0.91622008
66.50000000 589.63524568 0.91622008
66.60000000 589.63524568 0.91622008
66.70000000 589.63524568 0.91622008
66.80000000 589.63524568 0.91622008
66.90000000 589.63524568 0.91622008
67.00000000 589.63524568 0.91622008
67.10000000 589.63524568 0.91622008
67.20000000 589.63524568 0.91622008
67.30000000 589.63524568 0.91622008
67.40000000 589.63524568 0.91622008
67.50000000 589.63524568 0.91622008
67.60000000 589.65548472 0.91625153
67.70000000 589.65548472 0.91625153
67.80000000 589.65548472 0.91625153
67.90000000 589.65548472 0.91625153
68.00000000 589.65548472 0.91625153
68.10000000 589.65548472 0.91625153
68.20000000 589.65548472 0.91625153
68.30000000 589.65548472 0.91625153
68.40000000 589.65548472 0.91625153
68.50000000 589.65548472 0.91625153
68.60000000 589.65548472 0.91625153
68.70000000 589.65548472 0.91625153
68.80000000 589.65548472 0.91625153
68.90000000 589.65548472 0.91625153
69.00000000 589.65548472 0.91625153
69.10000000 589.65548472 0.91625153
69.20000000 589.65548472 0.91625153
69.30000000 589.65548472 0.91625153
69.40000000 589.65548472 0.91625153
69.50000000 589.65548472 0.91625153
69.60000000 589.65548472 0.91625153
69.70000000 589.75886264 0.91641216
69.80000000 589.75886264 0.91641216
69.90000000 589.75972752 0.91641351
70.00000000 589.75972752 0.91641351
70.10000000 589.75972752 0.91641351
70.20000000 589.75972752 0.91641351
70.30000000 589.75972752 0.91641351
70.40000000 589.75972752 0.91641351
70.50000000 589.76496672 0.91642165
70.60000000 589.76496672 0.91642165
70.70000000 589.76590728 0.91642311
70.80000000 589.76590728 0.91642311
70.90000000 589.76590728 0.91642311
71.00000000 589.76590728 0.91642311
71.10000000 589.76590728 0.91642311
71.20000000 589.76590728 0.91642311
71.30000000 589.76590728 0.91642311
71.40000000 589.76590728 0.91642311
71.50000000 589.76590728 0.91642311
71.60000000 589.76590728 0.91642311
71.70000000 589.76590728 0.91642311
71.80000000 589.76590728 0.91642311
71.90000000 589.76590728 0.91642311
72.00000000 589.76590728 0.91642311
72.10000000 589.76590728 0.91642311
72.20000000 589.76590728 0.91642311
72.30000000 589.76590728 0.91642311
72.40000000 589.76590728 0.91642311
72.50000000 589.76590728 0.91642311
72.60000000 589.76590728 0.91642311
72.70000000 589.76590728 0.91642311
72.80000000 589.76590728 0.91642311
72.90000000 589.76590728 0.91642311
73.00000000 593.76566632 0.92263824
73.10000000 593.76566632 0.92263824
73.20000000 593.76862992 0.92264284
73.30000000 593.76862992 0.92264284
73.40000000 593.76862992 0.92264284
73.50000000 593.80808688 0.92270416
73.60000000 593.80808688 0.92270416
73.70000000 593.80808688 0.92270416
73.80000000 593.80808688 0.92270416
73.90000000 609.80687616 0.94756429
74.00000000 609.80687616 0.94756429
74.10000000 609.80687616 0.94756429
74.20000000 609.80687616 0.94756429
74.30000000 609.80687616 0.94756429
74.40000000 609.80687616 0.94756429
74.50000000 609.80687616 0.94756429
74.60000000 609.80687616 0.94756429
74.70000000 609.80687616 0.94756429
74.80000000 617.80609640 0.95999409
74.90000000 617.80609640 0.95999409
75.00000000 617.80609640 0.95999409
75.10000000 617.80609640 0.95999409
75.20000000 617.80609640 0.95999409
75.30000000 617.80609640 0.95999409
75.40000000 617.80609640 0.95999409
75.50000000 617.80967592 0.95999965
75.60000000 617.80967592 0.95999965
75.70000000 617.80967592 0.95999965
75.80000000 617.80967592 0.95999965
75.90000000 617.80967592 0.95999965
76.00000000 617.80967592 0.95999965
76.10000000 617.80967592 0.95999965
76.20000000 617.80967592 0.95999965
76.30000000 617.80967592 0.95999965
76.40000000 617.80967592 0.95999965
76.50000000 617.80967592 0.95999965
76.60000000 617.80967592 0.95999965
76.70000000 617.82812376 0.96002832
76.80000000 625.82668600 0.97245709
76.90000000 625.82668600 0.97245709
77.00000000 625.82668600 0.97245709
77.10000000 625.82668600 0.97245709
77.20000000 625.82668600 0.97245709
77.30000000 625.82668600 0.97245709
77.40000000 625.82668600 0.97245709
77.50000000 625.82668600 0.97245709
77.60000000 627.27762320 0.97471167
77.70000000 627.27819168 0.97471255
77.80000000 627.27819168 0.97471255
77.90000000 635.27608088 0.98714028
78.00000000 635.27608088 0.98714028
78.10000000 635.27608088 0.98714028
78.20000000 635.27608088 0.98714028
78.30000000 635.27608088 0.98714028
78.40000000 635.27608088 0.98714028
78.50000000 635.27608088 0.98714028
78.60000000 635.27608088 0.98714028
78.70000000 635.27608088 0.98714028
78.80000000 635.27608088 0.98714028
78.90000000 635.27608088 0.98714028
79.00000000 635.27608088 0.98714028
79.10000000 635.27608088 0.98714028
79.20000000 635.27608088 0.98714028
79.30000000 635.28583944 0.98715544
79.40000000 635.28583944 0.98715544
79.50000000 635.28583944 0.98715544
79.60000000 635.28583944 0.98715544
79.70000000 635.28583944 0.98715544
79.80000000 635.28583944 0.98715544
79.90000000 635.28583944 0.98715544
80.00000000 635.28583944 0.98715544
80.10000000 635.28583944 0.98715544
80.20000000 635.28583944 0.98715544
80.30000000 635.28583944 0.98715544
80.40000000 635.28583944 0.98715544
80.50000000 635.28583944 0.98715544
80.60000000 635.28583944 0.98715544
80.70000000 635.28583944 0.98715544
80.80000000 635.28583944 0.98715544
80.90000000 635.28583944 0.98715544
81.00000000 635.28583944 0.98715544
81.10000000 635.29120632 0.98716378
81.20000000 635.29120632 0.98716378
81.30000000 635.29120632 0.98716378
81.40000000 635.29120632 0.98716378
81.50000000 635.29120632 0.98716378
81.60000000 635.29120632 0.98716378
81.70000000 635.29120632 0.98716378
81.80000000 635.29120632 0.98716378
81.90000000 635.29120632 0.98716378
82.00000000 635.29120632 0.98716378
82.10000000 635.29120632 0.98716378
82.20000000 635.29120632 0.98716378
82.30000000 635.29120632 0.98716378
82.40000000 635.29120632 0.98716378
82.50000000 635.29120632 0.98716378
82.60000000 635.29120632 0.98716378
82.70000000 635.29120632 0.98716378
82.80000000 635.29120632 0.98716378
82.90000000 635.29120632 0.98716378
83.00000000 635.29120632 0.98716378
83.10000000 635.29120632 0.98716378
83.20000000 635.29120632 0.98716378
83.30000000 635.29120632 0.98716378
83.40000000 635.29120632 0.98716378
83.50000000 635.29120632 0.98716378
83.60000000 635.29120632 0.98716378
83.70000000 635.29120632 0.98716378
83.80000000 635.29465072 0.98716913
83.90000000 635.29465072 0.98716913
84.00000000 635.29465072 0.98716913
84.10000000 635.29465072 0.98716913
84.20000000 643.23426360 0.99950631
84.30000000 643.23426360 0.99950631
84.40000000 643.23426360 0.99950631
84.50000000 643.23426360 0.99950631
84.60000000 643.23426360 0.99950631
84.70000000 643.23426360 0.99950631
84.80000000 643.23426360 0.99950631
84.90000000 643.23426360 0.99950631
85.00000000 643.23426360 0.99950631
85.10000000 643.23426360 0.99950631
85.20000000 643.23426360 0.99950631
85.30000000 643.23426360 0.99950631
85.40000000 643.23426360 0.99950631
85.50000000 643.23426360 0.99950631
85.60000000 643.23426360 0.99950631
85.70000000 643.23426360 0.99950631
85.80000000 643.23426360 0.99950631
85.90000000 643.23426360 0.99950631
86.00000000 643.23426360 0.99950631
86.10000000 643.23426360 0.99950631
86.20000000 643.23426360 0.99950631
86.30000000 643.23426360 0.99950631
86.40000000 643.23426360 0.99950631
86.50000000 643.23426360 0.99950631
86.60000000 643.23426360 0.99950631
86.70000000 643.50872328 0.99993278
86.80000000 643.50872328 0.99993278
86.90000000 643.50872328 0.99993278
87.00000000 643.50872328 0.99993278
87.10000000 643.50872328 0.99993278
87.20000000 643.50872328 0.99993278
87.30000000 643.50872328 0.99993278
87.40000000 643.50872328 0.99993278
87.50000000 643.50872328 0.99993278
87.60000000 643.50872328 0.99993278
87.70000000 643.50872328 0.99993278
87.80000000 643.50872328 0.99993278
87.90000000 643.50872328 0.99993278
88.00000000 643.50872328 0.99993278
88.10000000 643.50872328 0.99993278
88.20000000 643.50872328 0.99993278
88.30000000 643.50872328 0.99993278
88.40000000 643.50872328 0.99993278
88.50000000 643.50872328 0.99993278
88.60000000 643.50872328 0.99993278
88.70000000 643.50872328 0.99993278
88.80000000 643.50872328 0.99993278
88.90000000 643.50872328 0.99993278
89.00000000 643.50872328 0.99993278
89.10000000 643.50872328 0.99993278
89.20000000 643.51076984 0.99993596
89.30000000 643.55198056 1.00000000
89.40000000 643.55198056 1.00000000
89.50000000 643.55198056 1.00000000
89.60000000 643.55198056 1.00000000
89.70000000 643.55198056 1.00000000
89.80000000 643.55198056 1.00000000
89.90000000 643.55198056 1.00000000
90.00000000 643.55198056 1.00000000
