# X position, Y position, Z position, X direction, Y direction, Z direction, Intensity
-0.93359704 -0.21082939 -0.28973701 0.00915292 -0.99995408 0.00284056 0.99946922
-0.93359704 -0.21082939 0.28973701 0.00915292 -0.99995408 -0.00284056 0.99946922
-0.86912687 -0.10712632 -0.48284826 0.01912636 -0.99976061 0.01062575 0.98567618
-0.86912687 -0.10712632 0.48284826 0.01912636 -0.99976061 -0.01062575 0.98567618
-0.48284826 -0.10712632 -0.86912687 0.01062575 -0.99976061 0.01912636 0.98567618
-0.48284826 -0.10712632 0.86912687 0.01062575 -0.99976061 -0.01912636 0.98567618
-0.28973701 -0.21082939 -0.93359704 0.00284056 -0.99995408 0.00915292 0.99946922
-0.28973701 -0.21082939 0.93359704 0.00284056 -0.99995408 -0.00915292 0.99946922
0.28973701 -0.21082939 -0.93359704 -0.00284056 -0.99995408 0.00915292 0.99946922
0.28973701 -0.21082939 0.93359704 -0.00284056 -0.99995408 -0.00915292 0.99946922
0.48284826 -0.10712632 -0.86912687 -0.01062575 -0.99976061 0.01912636 0.98567618
0.48284826 -0.10712632 0.86912687 -0.01062575 -0.99976061 -0.01912636 0.98567618
0.86912687 -0.10712632 -0.48284826 -0.01912636 -0.99976061 0.01062575 0.98567618
0.86912687 -0.10712632 0.48284826 -0.01912636 -0.99976061 -0.01062575 0.98567618
0.93359704 -0.21082939 -0.28973701 -0.00915292 -0.99995408 0.00284056 0.99946922
0.93359704 -0.21082939 0.28973701 -0.00915292 -0.99995408 -0.00284056 0.99946922
-0.81711860 -0.15355997 -0.55564065 -0.05686722 -0.99763258 -0.03866971 0.24023454
-0.81711860 -0.15355997 0.55564065 -0.05686722 -0.99763258 0.03866971 0.24023454
-0.55564065 -0.15355997 -0.81711860 -0.03866971 -0.99763258 -0.05686722 0.24023454
-0.55564065 -0.15355997 0.81711860 -0.03866971 -0.99763258 0.05686722 0.24023454
0.55564065 -0.15355997 -0.81711860 0.03866971 -0.99763258 -0.05686722 0.24023454
0.55564065 -0.15355997 0.81711860 0.03866971 -0.99763258 0.05686722 0.24023454
0.81711860 -0.15355997 -0.55564065 0.05686722 -0.99763258 -0.03866971 0.24023454
0.81711860 -0.15355997 0.55564065 0.05686722 -0.99763258 0.03866971 0.24023454
-0.68372455 -0.56245740 -0.46493270 0.30238889 -0.93074140 0.20562445 0.06750764
-0.68372455 -0.56245740 0.46493270 0.30238889 -0.93074140 -0.20562445 0.06750764
-0.46493270 -0.56245740 -0.68372455 0.20562445 -0.93074140 0.30238889 0.06750764
-0.46493270 -0.56245740 0.68372455 0.20562445 -0.93074140 -0.30238889 0.06750764
0.46493270 -0.56245740 -0.68372455 -0.20562445 -0.93074140 0.30238889 0.06750764
0.46493270 -0.56245740 0.68372455 -0.20562445 -0.93074140 -0.30238889 0.06750764
0.68372455 -0.56245740 -0.46493270 -0.30238889 -0.93074140 0.20562445 0.06750764
0.68372455 -0.56245740 0.46493270 -0.30238889 -0.93074140 -0.20562445 0.06750764
-0.41822192 -0.86267737 -0.28439091 0.60321771 -0.68401327 0.41018805 0.01622355
-0.41822192 -0.86267737 0.28439091 0.60321771 -0.68401327 -0.41018805 0.01622355
-0.28439091 -0.86267737 -0.41822192 0.41018805 -0.68401327 0.60321771 0.01622355
-0.28439091 -0.86267737 0.41822192 0.41018805 -0.68401327 -0.60321771 0.01622355
0.28439091 -0.86267737 -0.41822192 -0.41018805 -0.68401327 0.60321771 0.01622355
0.28439091 -0.86267737 0.41822192 -0.41018805 -0.68401327 -0.60321771 0.01622355
0.41822192 -0.86267737 -0.28439091 -0.60321771 -0.68401327 0.41018805 0.01622355
0.41822192 -0.86267737 0.28439091 -0.60321771 -0.68401327 -0.41018805 0.01622355
-0.75159265 -0.55150054 -0.36187794 0.28790106 -0.94757466 0.13861903 0.01925185
-0.75159265 -0.55150054 0.36187794 0.28790106 -0.94757466 -0.13861903 0.01925185
-0.36187794 -0.55150054 -0.75159265 0.13861903 -0.94757466 0.28790106 0.01925185
-0.36187794 -0.55150054 0.75159265 0.13861903 -0.94757466 -0.28790106 0.01925185
0.36187794 -0.55150054 -0.75159265 -0.13861903 -0.94757466 0.28790106 0.01925185
0.36187794 -0.55150054 0.75159265 -0.13861903 -0.94757466 -0.28790106 0.01925185
0.75159265 -0.55150054 -0.36187794 -0.28790106 -0.94757466 0.13861903 0.01925185
0.75159265 -0.55150054 0.36187794 -0.28790106 -0.94757466 -0.13861903 0.01925185
-0.47029850 -0.85296204 -0.22644002 0.62248698 -0.72296632 0.29971596 0.17251917
-0.47029850 -0.85296204 0.22644002 0.62248698 -0.72296632 -0.29971596 0.17251917
-0.22644002 -0.85296204 -0.47029850 0.29971596 -0.72296632 0.62248698 0.17251917
-0.22644002 -0.85296204 0.47029850 0.29971596 -0.72296632 -0.62248698 0.17251917
0.22644002 -0.85296204 -0.47029850 -0.29971596 -0.72296632 0.62248698 0.17251917
0.22644002 -0.85296204 0.47029850 -0.29971596 -0.72296632 -0.62248698 0.17251917
0.47029850 -0.85296204 -0.22644002 -0.62248698 -0.72296632 0.29971596 0.17251917
0.47029850 -0.85296204 0.22644002 -0.62248698 -0.72296632 -0.29971596 0.17251917
-0.65089393 -0.74273334 -0.15711233 0.51789474 -0.84626105 0.12500908 0.05618524
-0.65089393 -0.74273334 0.15711233 0.51789474 -0.84626105 -0.12500908 0.05618524
-0.51622622 -0.74273334 -0.42644775 0.41074410 -0.84626105 0.33931035 0.05618524
-0.51622622 -0.74273334 0.42644775 0.41074410 -0.84626105 -0.33931035 0.05618524
-0.42644775 -0.74273334 -0.51622622 0.33931035 -0.84626105 0.41074410 0.05618524
-0.42644775 -0.74273334 0.51622622 0.33931035 -0.84626105 -0.41074410 0.05618524
-0.15711233 -0.74273334 -0.65089393 0.12500908 -0.84626105 0.51789474 0.05618524
-0.15711233 -0.74273334 0.65089393 0.12500908 -0.84626105 -0.51789474 0.05618524
0.15711233 -0.74273334 -0.65089393 -0.12500908 -0.84626105 0.51789474 0.05618524
0.15711233 -0.74273334 0.65089393 -0.12500908 -0.84626105 -0.51789474 0.05618524
0.42644775 -0.74273334 -0.51622622 -0.33931035 -0.84626105 0.41074410 0.05618524
0.42644775 -0.74273334 0.51622622 -0.33931035 -0.84626105 -0.41074410 0.05618524
0.51622622 -0.74273334 -0.42644775 -0.41074410 -0.84626105 0.33931035 0.05618524
0.51622622 -0.74273334 0.42644775 -0.41074410 -0.84626105 -0.33931035 0.05618524
0.65089393 -0.74273334 -0.15711233 -0.51789474 -0.84626105 0.12500908 0.05618524
0.65089393 -0.74273334 0.15711233 -0.51789474 -0.84626105 -0.12500908 0.05618524
-0.31351556 -0.94656279 -0.07567617 0.80027715 -0.56766336 0.19317035 0.06327318
-0.31351556 -0.94656279 0.07567617 0.80027715 -0.56766336 -0.19317035 0.06327318
-0.24865027 -0.94656279 -0.20540675 0.63470257 -0.56766336 0.52431951 0.06327318
-0.24865027 -0.94656279 0.20540675 0.63470257 -0.56766336 -0.52431951 0.06327318
-0.31033463 -0.89854596 -0.31033463 0.51971454 -0.67808082 0.51971454 0.33509996
-0.31033463 -0.89854596 0.31033463 0.51971454 -0.67808082 -0.51971454 0.33509996
-0.20540675 -0.94656279 -0.24865027 0.52431951 -0.56766336 0.63470257 0.06327318
-0.20540675 -0.94656279 0.24865027 0.52431951 -0.56766336 -0.63470257 0.06327318
-0.07567617 -0.94656279 -0.31351556 0.19317035 -0.56766336 0.80027715 0.06327318
-0.07567617 -0.94656279 0.31351556 0.19317035 -0.56766336 -0.80027715 0.06327318
0.07567617 -0.94656279 -0.31351556 -0.19317035 -0.56766336 0.80027715 0.06327318
0.07567617 -0.94656279 0.31351556 -0.19317035 -0.56766336 -0.80027715 0.06327318
0.20540675 -0.94656279 -0.24865027 -0.52431951 -0.56766336 0.63470257 0.06327318
0.20540675 -0.94656279 0.24865027 -0.52431951 -0.56766336 -0.63470257 0.06327318
0.31033463 -0.89854596 -0.31033463 -0.51971454 -0.67808082 0.51971454 0.33509996
0.31033463 -0.89854596 0.31033463 -0.51971454 -0.67808082 -0.51971454 0.33509996
0.24865027 -0.94656279 -0.20540675 -0.63470257 -0.56766336 0.52431951 0.06327318
0.24865027 -0.94656279 0.20540675 -0.63470257 -0.56766336 -0.52431951 0.06327318
0.31351556 -0.94656279 -0.07567617 -0.80027715 -0.56766336 0.19317035 0.06327318
0.31351556 -0.94656279 0.07567617 -0.80027715 -0.56766336 -0.19317035 0.06327318
-0.34008071 -0.93856651 -0.05863460 0.77108813 -0.62269446 0.13294623 0.40313028
-0.34008071 -0.93856651 0.05863460 0.77108813 -0.62269446 -0.13294623 0.40313028
-0.05863460 -0.93856651 -0.34008071 0.13294623 -0.62269446 0.77108813 0.40313028
-0.05863460 -0.93856651 0.34008071 0.13294623 -0.62269446 -0.77108813 0.40313028
0.05863460 -0.93856651 -0.34008071 -0.13294623 -0.62269446 0.77108813 0.40313028
0.05863460 -0.93856651 0.34008071 -0.13294623 -0.62269446 -0.77108813 0.40313028
0.34008071 -0.93856651 -0.05863460 -0.77108813 -0.62269446 0.13294623 0.40313028
0.34008071 -0.93856651 0.05863460 -0.77108813 -0.62269446 -0.13294623 0.40313028
-0.61019229 -0.78973465 -0.06312334 0.53140420 -0.84533281 0.05497285 0.01131339
-0.61019229 -0.78973465 0.06312334 0.53140420 -0.84533281 -0.05497285 0.01131339
-0.56811006 -0.78973465 -0.23145225 0.49475563 -0.84533281 0.20156711 0.01131339
-0.56811006 -0.78973465 0.23145225 0.49475563 -0.84533281 -0.20156711 0.01131339
-0.52602783 -0.78973465 -0.31561670 0.45810707 -0.84533281 0.27486424 0.01131339
-0.52602783 -0.78973465 0.31561670 0.45810707 -0.84533281 -0.27486424 0.01131339
-0.31561670 -0.78973465 -0.52602783 0.27486424 -0.84533281 0.45810707 0.01131339
-0.31561670 -0.78973465 0.52602783 0.27486424 -0.84533281 -0.45810707 0.01131339
-0.23145225 -0.78973465 -0.56811006 0.20156711 -0.84533281 0.49475563 0.01131339
-0.23145225 -0.78973465 0.56811006 0.20156711 -0.84533281 -0.49475563 0.01131339
-0.06312334 -0.78973465 -0.61019229 0.05497285 -0.84533281 0.53140420 0.01131339
-0.06312334 -0.78973465 0.61019229 0.05497285 -0.84533281 -0.53140420 0.01131339
0.06312334 -0.78973465 -0.61019229 -0.05497285 -0.84533281 0.53140420 0.01131339
0.06312334 -0.78973465 0.61019229 -0.05497285 -0.84533281 -0.53140420 0.01131339
0.23145225 -0.78973465 -0.56811006 -0.20156711 -0.84533281 0.49475563 0.01131339
0.23145225 -0.78973465 0.56811006 -0.20156711 -0.84533281 -0.49475563 0.01131339
0.31561670 -0.78973465 -0.52602783 -0.27486424 -0.84533281 0.45810707 0.01131339
0.31561670 -0.78973465 0.52602783 -0.27486424 -0.84533281 -0.45810707 0.01131339
0.52602783 -0.78973465 -0.31561670 -0.45810707 -0.84533281 0.27486424 0.01131339
0.52602783 -0.78973465 0.31561670 -0.45810707 -0.84533281 -0.27486424 0.01131339
0.56811006 -0.78973465 -0.23145225 -0.49475563 -0.84533281 0.20156711 0.01131339
0.56811006 -0.78973465 0.23145225 -0.49475563 -0.84533281 -0.20156711 0.01131339
0.61019229 -0.78973465 -0.06312334 -0.53140420 -0.84533281 0.05497285 0.01131339
0.61019229 -0.78973465 0.06312334 -0.53140420 -0.84533281 -0.05497285 0.01131339
-0.24000349 -0.97045448 -0.02482795 0.82627698 -0.55674056 0.08547693 0.38393945
-0.31131364 -0.95024659 -0.01073495 0.77939097 -0.62596119 0.02687555 0.57393721
-0.31131364 -0.95024659 0.01073495 0.77939097 -0.62596119 -0.02687555 0.57393721
-0.24000349 -0.97045448 0.02482795 0.82627698 -0.55674056 -0.08547693 0.38393945
-0.22345153 -0.97045448 -0.09103581 0.76929236 -0.55674056 0.31341540 0.38393945
-0.22345153 -0.97045448 0.09103581 0.76929236 -0.55674056 -0.31341540 0.38393945
-0.20689956 -0.97045448 -0.12413974 0.71230774 -0.55674056 0.42738464 0.38393945
-0.20689956 -0.97045448 0.12413974 0.71230774 -0.55674056 -0.42738464 0.38393945
-0.12413974 -0.97045448 -0.20689956 0.42738464 -0.55674056 0.71230774 0.38393945
-0.12413974 -0.97045448 0.20689956 0.42738464 -0.55674056 -0.71230774 0.38393945
-0.09103581 -0.97045448 -0.22345153 0.31341540 -0.55674056 0.76929236 0.38393945
-0.09103581 -0.97045448 0.22345153 0.31341540 -0.55674056 -0.76929236 0.38393945
-0.02482795 -0.97045448 -0.24000349 0.08547693 -0.55674056 0.82627698 0.38393945
-0.02482795 -0.97045448 0.24000349 0.08547693 -0.55674056 -0.82627698 0.38393945
-0.01073495 -0.95024659 -0.31131364 0.02687555 -0.62596119 0.77939097 0.57393721
-0.01073495 -0.95024659 0.31131364 0.02687555 -0.62596119 -0.77939097 0.57393721
0.01073495 -0.95024659 -0.31131364 -0.02687555 -0.62596119 0.77939097 0.57393721
0.01073495 -0.95024659 0.31131364 -0.02687555 -0.62596119 -0.77939097 0.57393721
0.02482795 -0.97045448 -0.24000349 -0.08547693 -0.55674056 0.82627698 0.38393945
0.02482795 -0.97045448 0.24000349 -0.08547693 -0.55674056 -0.82627698 0.38393945
0.09103581 -0.97045448 -0.22345153 -0.31341540 -0.55674056 0.76929236 0.38393945
0.09103581 -0.97045448 0.22345153 -0.31341540 -0.55674056 -0.76929236 0.38393945
0.12413974 -0.97045448 -0.20689956 -0.42738464 -0.55674056 0.71230774 0.38393945
0.12413974 -0.97045448 0.20689956 -0.42738464 -0.55674056 -0.71230774 0.38393945
0.20689956 -0.97045448 -0.12413974 -0.71230774 -0.55674056 0.42738464 0.38393945
0.20689956 -0.97045448 0.12413974 -0.71230774 -0.55674056 -0.42738464 0.38393945
0.22345153 -0.97045448 -0.09103581 -0.76929236 -0.55674056 0.31341540 0.38393945
0.22345153 -0.97045448 0.09103581 -0.76929236 -0.55674056 -0.31341540 0.38393945
0.24000349 -0.97045448 -0.02482795 -0.82627698 -0.55674056 0.08547693 0.38393945
0.31131364 -0.95024659 -0.01073495 -0.77939097 -0.62596119 0.02687555 0.57393721
0.31131364 -0.95024659 0.01073495 -0.77939097 -0.62596119 -0.02687555 0.57393721
0.24000349 -0.97045448 0.02482795 -0.82627698 -0.55674056 -0.08547693 0.38393945
-0.21410624 -0.96390595 -0.15825244 0.63256447 -0.61746366 0.46754766 0.66196191
-0.21410624 -0.96390595 0.15825244 0.63256447 -0.61746366 -0.46754766 0.66196191
-0.15825244 -0.96390595 -0.21410624 0.46754766 -0.61746366 0.63256447 0.66196191
-0.15825244 -0.96390595 0.21410624 0.46754766 -0.61746366 -0.63256447 0.66196191
0.15825244 -0.96390595 -0.21410624 -0.46754766 -0.61746366 0.63256447 0.66196191
0.15825244 -0.96390595 0.21410624 -0.46754766 -0.61746366 -0.63256447 0.66196191
0.21410624 -0.96390595 -0.15825244 -0.63256447 -0.61746366 0.46754766 0.66196191
0.21410624 -0.96390595 0.15825244 -0.63256447 -0.61746366 -0.46754766 0.66196191
-0.38691972 -0.91304930 -0.12897324 0.64186394 -0.73636546 0.21395465 0.06534311
-0.38691972 -0.91304930 0.12897324 0.64186394 -0.73636546 -0.21395465 0.06534311
-0.12897324 -0.91304930 -0.38691972 0.21395465 -0.73636546 0.64186394 0.06534311
-0.12897324 -0.91304930 0.38691972 0.21395465 -0.73636546 -0.64186394 0.06534311
0.12897324 -0.91304930 -0.38691972 -0.21395465 -0.73636546 0.64186394 0.06534311
0.12897324 -0.91304930 0.38691972 -0.21395465 -0.73636546 -0.64186394 0.06534311
0.38691972 -0.91304930 -0.12897324 -0.64186394 -0.73636546 0.21395465 0.06534311
0.38691972 -0.91304930 0.12897324 -0.64186394 -0.73636546 -0.21395465 0.06534311
-0.05438367 -0.99835555 -0.01812789 0.84797813 -0.44837124 0.28265938 0.18316072
-0.05438367 -0.99835555 0.01812789 0.84797813 -0.44837124 -0.28265938 0.18316072
-0.19203298 -0.97629498 -0.09985715 0.70728263 -0.60372513 0.36778697 0.70546138
-0.19203298 -0.97629498 0.09985715 0.70728263 -0.60372513 -0.36778697 0.70546138
-0.11829567 -0.98719341 -0.10702942 0.62062613 -0.54728398 0.56151888 0.56086036
-0.11829567 -0.98719341 0.10702942 0.62062613 -0.54728398 -0.56151888 0.56086036
-0.10702942 -0.98719341 -0.11829567 0.56151888 -0.54728398 0.62062613 0.56086036
-0.10702942 -0.98719341 0.11829567 0.56151888 -0.54728398 -0.62062613 0.56086036
-0.09985715 -0.97629498 -0.19203298 0.36778697 -0.60372513 0.70728263 0.70546138
-0.09985715 -0.97629498 0.19203298 0.36778697 -0.60372513 -0.70728263 0.70546138
-0.01812789 -0.99835555 -0.05438367 0.28265938 -0.44837124 0.84797813 0.18316072
-0.01812789 -0.99835555 0.05438367 0.28265938 -0.44837124 -0.84797813 0.18316072
0.01812789 -0.99835555 -0.05438367 -0.28265938 -0.44837124 0.84797813 0.18316072
0.01812789 -0.99835555 0.05438367 -0.28265938 -0.44837124 -0.84797813 0.18316072
0.09985715 -0.97629498 -0.19203298 -0.36778697 -0.60372513 0.70728263 0.70546138
0.09985715 -0.97629498 0.19203298 -0.36778697 -0.60372513 -0.70728263 0.70546138
0.10702942 -0.98719341 -0.11829567 -0.56151888 -0.54728398 0.62062613 0.56086036
0.10702942 -0.98719341 0.11829567 -0.56151888 -0.54728398 -0.62062613 0.56086036
0.11829567 -0.98719341 -0.10702942 -0.62062613 -0.54728398 0.56151888 0.56086036
0.11829567 -0.98719341 0.10702942 -0.62062613 -0.54728398 -0.56151888 0.56086036
0.19203298 -0.97629498 -0.09985715 -0.70728263 -0.60372513 0.36778697 0.70546138
0.19203298 -0.97629498 0.09985715 -0.70728263 -0.60372513 -0.36778697 0.70546138
0.05438367 -0.99835555 -0.01812789 -0.84797813 -0.44837124 0.28265938 0.18316072
0.05438367 -0.99835555 0.01812789 -0.84797813 -0.44837124 -0.28265938 0.18316072
0.28523010 -0.95373173 0.09507670 0.94373299 -0.10202415 0.31457766 0.01604931
0.28523010 -0.95373173 -0.09507670 0.94373299 -0.10202415 -0.31457766 0.01604931
0.09507670 -0.95373173 0.28523010 0.31457766 -0.10202415 0.94373299 0.01604931
0.09507670 -0.95373173 -0.28523010 0.31457766 -0.10202415 -0.94373299 0.01604931
-0.09507670 -0.95373173 0.28523010 -0.31457766 -0.10202415 0.94373299 0.01604931
-0.09507670 -0.95373173 -0.28523010 -0.31457766 -0.10202415 -0.94373299 0.01604931
-0.28523010 -0.95373173 0.09507670 -0.94373299 -0.10202415 0.31457766 0.01604931
-0.28523010 -0.95373173 -0.09507670 -0.94373299 -0.10202415 -0.31457766 0.01604931
-0.09760001 -0.99490400 -0.02530371 0.82393869 -0.52487542 0.21361373 0.53262663
-0.09760001 -0.99490400 0.02530371 0.82393869 -0.52487542 -0.21361373 0.53262663
-0.02530371 -0.99490400 -0.09760001 0.21361373 -0.52487542 0.82393869 0.53262663
-0.02530371 -0.99490400 0.09760001 0.21361373 -0.52487542 -0.82393869 0.53262663
0.02530371 -0.99490400 -0.09760001 -0.21361373 -0.52487542 0.82393869 0.53262663
0.02530371 -0.99490400 0.09760001 -0.21361373 -0.52487542 -0.82393869 0.53262663
0.09760001 -0.99490400 -0.02530371 -0.82393869 -0.52487542 0.21361373 0.53262663
0.09760001 -0.99490400 0.02530371 -0.82393869 -0.52487542 -0.21361373 0.53262663
-0.35355567 -0.93311930 -0.06547327 0.64862712 -0.75156834 0.12011613 0.03893850
-0.35355567 -0.93311930 0.06547327 0.64862712 -0.75156834 -0.12011613 0.03893850
-0.30117706 -0.93311930 -0.19641982 0.55253422 -0.75156834 0.36034840 0.03893850
-0.30117706 -0.93311930 0.19641982 0.55253422 -0.75156834 -0.36034840 0.03893850
-0.19641982 -0.93311930 -0.30117706 0.36034840 -0.75156834 0.55253422 0.03893850
-0.19641982 -0.93311930 0.30117706 0.36034840 -0.75156834 -0.55253422 0.03893850
-0.06547327 -0.93311930 -0.35355567 0.12011613 -0.75156834 0.64862712 0.03893850
-0.06547327 -0.93311930 0.35355567 0.12011613 -0.75156834 -0.64862712 0.03893850
0.06547327 -0.93311930 -0.35355567 -0.12011613 -0.75156834 0.64862712 0.03893850
0.06547327 -0.93311930 0.35355567 -0.12011613 -0.75156834 -0.64862712 0.03893850
0.19641982 -0.93311930 -0.30117706 -0.36034840 -0.75156834 0.55253422 0.03893850
0.19641982 -0.93311930 0.30117706 -0.36034840 -0.75156834 -0.55253422 0.03893850
0.30117706 -0.93311930 -0.19641982 -0.55253422 -0.75156834 0.36034840 0.03893850
0.30117706 -0.93311930 0.19641982 -0.55253422 -0.75156834 -0.36034840 0.03893850
0.35355567 -0.93311930 -0.06547327 -0.64862712 -0.75156834 0.12011613 0.03893850
0.35355567 -0.93311930 0.06547327 -0.64862712 -0.75156834 -0.12011613 0.03893850
-0.01682792 -0.99985354 -0.00311628 0.86303013 -0.47920396 0.15982039 0.32107632
-0.15050531 -0.98846775 -0.01672281 0.78842277 -0.60886397 0.08760253 0.79232961
-0.18651418 -0.98242798 -0.00690793 0.76421889 -0.64433559 0.02830440 0.84875545
-0.18651418 -0.98242798 0.00690793 0.76421889 -0.64433559 -0.02830440 0.84875545
-0.15050531 -0.98846775 0.01672281 0.78842277 -0.60886397 -0.08760253 0.79232961
-0.01682792 -0.99985354 0.00311628 0.86303013 -0.47920396 -0.15982039 0.32107632
-0.09395645 -0.99471761 -0.04134084 0.75775059 -0.56093819 0.33341026 0.67578943
-0.09395645 -0.99471761 0.04134084 0.75775059 -0.56093819 -0.33341026 0.67578943
-0.01433490 -0.99985354 -0.00934885 0.73517381 -0.47920396 0.47946118 0.32107632
-0.01433490 -0.99985354 0.00934885 0.73517381 -0.47920396 -0.47946118 0.32107632
-0.14506658 -0.98242798 -0.11743485 0.59439247 -0.64433559 0.48117485 0.84875545
-0.14506658 -0.98242798 0.11743485 0.59439247 -0.64433559 -0.48117485 0.84875545
-0.11743485 -0.98242798 -0.14506658 0.48117485 -0.64433559 0.59439247 0.84875545
-0.11743485 -0.98242798 0.14506658 0.48117485 -0.64433559 -0.59439247 0.84875545
-0.00934885 -0.99985354 -0.01433490 0.47946118 -0.47920396 0.73517381 0.32107632
-0.00934885 -0.99985354 0.01433490 0.47946118 -0.47920396 -0.73517381 0.32107632
-0.04134084 -0.99471761 -0.09395645 0.33341026 -0.56093819 0.75775059 0.67578943
-0.04134084 -0.99471761 0.09395645 0.33341026 -0.56093819 -0.75775059 0.67578943
-0.00311628 -0.99985354 -0.01682792 0.15982039 -0.47920396 0.86303013 0.32107632
-0.00311628 -0.99985354 0.01682792 0.15982039 -0.47920396 -0.86303013 0.32107632
-0.01672281 -0.98846775 -0.15050531 0.08760253 -0.60886397 0.78842277 0.79232961
-0.01672281 -0.98846775 0.15050531 0.08760253 -0.60886397 -0.78842277 0.79232961
-0.00690793 -0.98242798 -0.18651418 0.02830440 -0.64433559 0.76421889 0.84875545
-0.00690793 -0.98242798 0.18651418 0.02830440 -0.64433559 -0.76421889 0.84875545
0.00690793 -0.98242798 -0.18651418 -0.02830440 -0.64433559 0.76421889 0.84875545
0.00690793 -0.98242798 0.18651418 -0.02830440 -0.64433559 -0.76421889 0.84875545
0.01672281 -0.98846775 -0.15050531 -0.08760253 -0.60886397 0.78842277 0.79232961
0.01672281 -0.98846775 0.15050531 -0.08760253 -0.60886397 -0.78842277 0.79232961
0.00311628 -0.99985354 -0.01682792 -0.15982039 -0.47920396 0.86303013 0.32107632
0.00311628 -0.99985354 0.01682792 -0.15982039 -0.47920396 -0.86303013 0.32107632
0.04134084 -0.99471761 -0.09395645 -0.33341026 -0.56093819 0.75775059 0.67578943
0.04134084 -0.99471761 0.09395645 -0.33341026 -0.56093819 -0.75775059 0.67578943
0.00934885 -0.99985354 -0.01433490 -0.47946118 -0.47920396 0.73517381 0.32107632
0.00934885 -0.99985354 0.01433490 -0.47946118 -0.47920396 -0.73517381 0.32107632
0.11743485 -0.98242798 -0.14506658 -0.48117485 -0.64433559 0.59439247 0.84875545
0.11743485 -0.98242798 0.14506658 -0.48117485 -0.64433559 -0.59439247 0.84875545
0.14506658 -0.98242798 -0.11743485 -0.59439247 -0.64433559 0.48117485 0.84875545
0.14506658 -0.98242798 0.11743485 -0.59439247 -0.64433559 -0.48117485 0.84875545
0.01433490 -0.99985354 -0.00934885 -0.73517381 -0.47920396 0.47946118 0.32107632
0.01433490 -0.99985354 0.00934885 -0.73517381 -0.47920396 -0.47946118 0.32107632
0.09395645 -0.99471761 -0.04134084 -0.75775059 -0.56093819 0.33341026 0.67578943
0.09395645 -0.99471761 0.04134084 -0.75775059 -0.56093819 -0.33341026 0.67578943
0.01682792 -0.99985354 -0.00311628 -0.86303013 -0.47920396 0.15982039 0.32107632
0.15050531 -0.98846775 -0.01672281 -0.78842277 -0.60886397 0.08760253 0.79232961
0.18651418 -0.98242798 -0.00690793 -0.76421889 -0.64433559 0.02830440 0.84875545
0.18651418 -0.98242798 0.00690793 -0.76421889 -0.64433559 -0.02830440 0.84875545
0.15050531 -0.98846775 0.01672281 -0.78842277 -0.60886397 -0.08760253 0.79232961
0.01682792 -0.99985354 0.00311628 -0.86303013 -0.47920396 -0.15982039 0.32107632
0.32194825 -0.94487818 0.05962005 0.97237869 -0.14850732 0.18007013 0.01480586
0.32194825 -0.94487818 -0.05962005 0.97237869 -0.14850732 -0.18007013 0.01480586
0.27425221 -0.94487818 0.17886014 0.82832259 -0.14850732 0.54021039 0.01480586
0.27425221 -0.94487818 -0.17886014 0.82832259 -0.14850732 -0.54021039 0.01480586
-0.26007902 -0.92990204 -0.26007902 0.44023918 -0.78254643 0.44023918 0.01747584
-0.26007902 -0.92990204 0.26007902 0.44023918 -0.78254643 -0.44023918 0.01747584
0.17886014 -0.94487818 0.27425221 0.54021039 -0.14850732 0.82832259 0.01480586
0.17886014 -0.94487818 -0.27425221 0.54021039 -0.14850732 -0.82832259 0.01480586
0.05962005 -0.94487818 0.32194825 0.18007013 -0.14850732 0.97237869 0.01480586
0.05962005 -0.94487818 -0.32194825 0.18007013 -0.14850732 -0.97237869 0.01480586
-0.05962005 -0.94487818 0.32194825 -0.18007013 -0.14850732 0.97237869 0.01480586
-0.05962005 -0.94487818 -0.32194825 -0.18007013 -0.14850732 -0.97237869 0.01480586
-0.17886014 -0.94487818 0.27425221 -0.54021039 -0.14850732 0.82832259 0.01480586
-0.17886014 -0.94487818 -0.27425221 -0.54021039 -0.14850732 -0.82832259 0.01480586
0.26007902 -0.92990204 -0.26007902 -0.44023918 -0.78254643 0.44023918 0.01747584
0.26007902 -0.92990204 0.26007902 -0.44023918 -0.78254643 -0.44023918 0.01747584
-0.27425221 -0.94487818 0.17886014 -0.82832259 -0.14850732 0.54021039 0.01480586
-0.27425221 -0.94487818 -0.17886014 -0.82832259 -0.14850732 -0.54021039 0.01480586
-0.32194825 -0.94487818 0.05962005 -0.97237869 -0.14850732 0.18007013 0.01480586
-0.32194825 -0.94487818 -0.05962005 -0.97237869 -0.14850732 -0.18007013 0.01480586
-0.12591962 -0.99100421 -0.04533106 0.73433323 -0.62519478 0.26435996 0.83662105
-0.12591962 -0.99100421 0.04533106 0.73433323 -0.62519478 -0.26435996 0.83662105
-0.14376765 -0.98626958 -0.08125998 0.65653809 -0.65669807 0.37108675 0.88040873
-0.14376765 -0.98626958 0.08125998 0.65653809 -0.65669807 -0.37108675 0.88040873
-0.01509177 -0.99977221 -0.01509177 0.60523739 -0.51708356 0.60523739 0.48075540
-0.01509177 -0.99977221 0.01509177 0.60523739 -0.51708356 -0.60523739 0.48075540
-0.08125998 -0.98626958 -0.14376765 0.37108675 -0.65669807 0.65653809 0.88040873
-0.08125998 -0.98626958 0.14376765 0.37108675 -0.65669807 -0.65653809 0.88040873
-0.04533106 -0.99100421 -0.12591962 0.26435996 -0.62519478 0.73433323 0.83662105
-0.04533106 -0.99100421 0.12591962 0.26435996 -0.62519478 -0.73433323 0.83662105
0.04533106 -0.99100421 -0.12591962 -0.26435996 -0.62519478 0.73433323 0.83662105
0.04533106 -0.99100421 0.12591962 -0.26435996 -0.62519478 -0.73433323 0.83662105
0.08125998 -0.98626958 -0.14376765 -0.37108675 -0.65669807 0.65653809 0.88040873
0.08125998 -0.98626958 0.14376765 -0.37108675 -0.65669807 -0.65653809 0.88040873
0.01509177 -0.99977221 -0.01509177 -0.60523739 -0.51708356 0.60523739 0.48075540
0.01509177 -0.99977221 0.01509177 -0.60523739 -0.51708356 -0.60523739 0.48075540
0.14376765 -0.98626958 -0.08125998 -0.65653809 -0.65669807 0.37108675 0.88040873
0.14376765 -0.98626958 0.08125998 -0.65653809 -0.65669807 -0.37108675 0.88040873
0.12591962 -0.99100421 -0.04533106 -0.73433323 -0.62519478 0.26435996 0.83662105
0.12591962 -0.99100421 0.04533106 -0.73433323 -0.62519478 -0.26435996 0.83662105
-0.10930111 -0.99353744 -0.03060431 0.74150832 -0.63801127 0.20762233 0.86325024
-0.10930111 -0.99353744 0.03060431 0.74150832 -0.63801127 -0.20762233 0.86325024
-0.11614706 -0.98976115 -0.08296218 0.60613203 -0.66720087 0.43295145 0.90095883
-0.11614706 -0.98976115 0.08296218 0.60613203 -0.66720087 -0.43295145 0.90095883
-0.08296218 -0.98976115 -0.11614706 0.43295145 -0.66720087 0.60613203 0.90095883
-0.08296218 -0.98976115 0.11614706 0.43295145 -0.66720087 -0.60613203 0.90095883
-0.03060431 -0.99353744 -0.10930111 0.20762233 -0.63801127 0.74150832 0.86325024
-0.03060431 -0.99353744 0.10930111 0.20762233 -0.63801127 -0.74150832 0.86325024
0.03060431 -0.99353744 -0.10930111 -0.20762233 -0.63801127 0.74150832 0.86325024
0.03060431 -0.99353744 0.10930111 -0.20762233 -0.63801127 -0.74150832 0.86325024
0.08296218 -0.98976115 -0.11614706 -0.43295145 -0.66720087 0.60613203 0.90095883
0.08296218 -0.98976115 0.11614706 -0.43295145 -0.66720087 -0.60613203 0.90095883
0.11614706 -0.98976115 -0.08296218 -0.60613203 -0.66720087 0.43295145 0.90095883
0.11614706 -0.98976115 0.08296218 -0.60613203 -0.66720087 -0.43295145 0.90095883
0.10930111 -0.99353744 -0.03060431 -0.74150832 -0.63801127 0.20762233 0.86325024
0.10930111 -0.99353744 0.03060431 -0.74150832 -0.63801127 -0.20762233 0.86325024
-0.05119133 -0.99863638 -0.01023827 0.77623034 -0.61103610 0.15524607 0.79633836
-0.11947608 -0.99273356 -0.01433713 0.73089794 -0.67682757 0.08770775 0.91455334
-0.11947608 -0.99273356 0.01433713 0.73089794 -0.67682757 -0.08770775 0.91455334
-0.05119133 -0.99863638 0.01023827 0.77623034 -0.61103610 -0.15524607 0.79633836
-0.04709603 -0.99863638 -0.02252419 0.71413191 -0.61103610 0.34154135 0.79633836
-0.04709603 -0.99863638 0.02252419 0.71413191 -0.61103610 -0.34154135 0.79633836
-0.03890541 -0.99863638 -0.03481011 0.58993506 -0.61103610 0.52783663 0.79633836
-0.03890541 -0.99863638 0.03481011 0.58993506 -0.61103610 -0.52783663 0.79633836
-0.03481011 -0.99863638 -0.03890541 0.52783663 -0.61103610 0.58993506 0.79633836
-0.03481011 -0.99863638 0.03890541 0.52783663 -0.61103610 -0.58993506 0.79633836
-0.02252419 -0.99863638 -0.04709603 0.34154135 -0.61103610 0.71413191 0.79633836
-0.02252419 -0.99863638 0.04709603 0.34154135 -0.61103610 -0.71413191 0.79633836
-0.01023827 -0.99863638 -0.05119133 0.15524607 -0.61103610 0.77623034 0.79633836
-0.01023827 -0.99863638 0.05119133 0.15524607 -0.61103610 -0.77623034 0.79633836
-0.01433713 -0.99273356 -0.11947608 0.08770775 -0.67682757 0.73089794 0.91455334
-0.01433713 -0.99273356 0.11947608 0.08770775 -0.67682757 -0.73089794 0.91455334
0.01433713 -0.99273356 -0.11947608 -0.08770775 -0.67682757 0.73089794 0.91455334
0.01433713 -0.99273356 0.11947608 -0.08770775 -0.67682757 -0.73089794 0.91455334
0.01023827 -0.99863638 -0.05119133 -0.15524607 -0.61103610 0.77623034 0.79633836
0.01023827 -0.99863638 0.05119133 -0.15524607 -0.61103610 -0.77623034 0.79633836
0.02252419 -0.99863638 -0.04709603 -0.34154135 -0.61103610 0.71413191 0.79633836
0.02252419 -0.99863638 0.04709603 -0.34154135 -0.61103610 -0.71413191 0.79633836
0.03481011 -0.99863638 -0.03890541 -0.52783663 -0.61103610 0.58993506 0.79633836
0.03481011 -0.99863638 0.03890541 -0.52783663 -0.61103610 -0.58993506 0.79633836
0.03890541 -0.99863638 -0.03481011 -0.58993506 -0.61103610 0.52783663 0.79633836
0.03890541 -0.99863638 0.03481011 -0.58993506 -0.61103610 -0.52783663 0.79633836
0.04709603 -0.99863638 -0.02252419 -0.71413191 -0.61103610 0.34154135 0.79633836
0.04709603 -0.99863638 0.02252419 -0.71413191 -0.61103610 -0.34154135 0.79633836
0.05119133 -0.99863638 -0.01023827 -0.77623034 -0.61103610 0.15524607 0.79633836
0.11947608 -0.99273356 -0.01433713 -0.73089794 -0.67682757 0.08770775 0.91455334
0.11947608 -0.99273356 0.01433713 -0.73089794 -0.67682757 -0.08770775 0.91455334
0.05119133 -0.99863638 0.01023827 -0.77623034 -0.61103610 -0.15524607 0.79633836
-0.23584750 -0.97174429 -0.00943390 0.64441578 -0.76424071 0.02577663 0.07024556
-0.23584750 -0.97174429 0.00943390 0.64441578 -0.76424071 -0.02577663 0.07024556
-0.00943390 -0.97174429 -0.23584750 0.02577663 -0.76424071 0.64441578 0.07024556
-0.00943390 -0.97174429 0.23584750 0.02577663 -0.76424071 -0.64441578 0.07024556
0.00943390 -0.97174429 -0.23584750 -0.02577663 -0.76424071 0.64441578 0.07024556
0.00943390 -0.97174429 0.23584750 -0.02577663 -0.76424071 -0.64441578 0.07024556
0.23584750 -0.97174429 -0.00943390 -0.64441578 -0.76424071 0.02577663 0.07024556
0.23584750 -0.97174429 0.00943390 -0.64441578 -0.76424071 -0.02577663 0.07024556
0.06717820 -0.99773737 0.00268713 0.84429024 -0.53482097 0.03377161 0.25923836
0.06717820 -0.99773737 -0.00268713 0.84429024 -0.53482097 -0.03377161 0.25923836
-0.06482879 -0.99757391 -0.02536779 0.70095590 -0.65835204 0.27428709 0.88575531
-0.06482879 -0.99757391 0.02536779 0.70095590 -0.65835204 -0.27428709 0.88575531
-0.05919150 -0.99757391 -0.03664236 0.64000322 -0.65835204 0.39619247 0.88575531
-0.05919150 -0.99757391 0.03664236 0.64000322 -0.65835204 -0.39619247 0.88575531
-0.03664236 -0.99757391 -0.05919150 0.39619247 -0.65835204 0.64000322 0.88575531
-0.03664236 -0.99757391 0.05919150 0.39619247 -0.65835204 -0.64000322 0.88575531
-0.02536779 -0.99757391 -0.06482879 0.27428709 -0.65835204 0.70095590 0.88575531
-0.02536779 -0.99757391 0.06482879 0.27428709 -0.65835204 -0.70095590 0.88575531
0.00268713 -0.99773737 0.06717820 0.03377161 -0.53482097 0.84429024 0.25923836
0.00268713 -0.99773737 -0.06717820 0.03377161 -0.53482097 -0.84429024 0.25923836
-0.00268713 -0.99773737 0.06717820 -0.03377161 -0.53482097 0.84429024 0.25923836
-0.00268713 -0.99773737 -0.06717820 -0.03377161 -0.53482097 -0.84429024 0.25923836
0.02536779 -0.99757391 -0.06482879 -0.27428709 -0.65835204 0.70095590 0.88575531
0.02536779 -0.99757391 0.06482879 -0.27428709 -0.65835204 -0.70095590 0.88575531
0.03664236 -0.99757391 -0.05919150 -0.39619247 -0.65835204 0.64000322 0.88575531
0.03664236 -0.99757391 0.05919150 -0.39619247 -0.65835204 -0.64000322 0.88575531
0.05919150 -0.99757391 -0.03664236 -0.64000322 -0.65835204 0.39619247 0.88575531
0.05919150 -0.99757391 0.03664236 -0.64000322 -0.65835204 -0.39619247 0.88575531
0.06482879 -0.99757391 -0.02536779 -0.70095590 -0.65835204 0.27428709 0.88575531
0.06482879 -0.99757391 0.02536779 -0.70095590 -0.65835204 -0.27428709 0.88575531
-0.06717820 -0.99773737 0.00268713 -0.84429024 -0.53482097 0.03377161 0.25923836
-0.06717820 -0.99773737 -0.00268713 -0.84429024 -0.53482097 -0.03377161 0.25923836
0.36398004 -0.93129295 0.01455920 0.96594362 -0.25585160 0.03863774 0.01949235
0.36398004 -0.93129295 -0.01455920 0.96594362 -0.25585160 -0.03863774 0.01949235
0.01455920 -0.93129295 0.36398004 0.03863774 -0.25585160 0.96594362 0.01949235
0.01455920 -0.93129295 -0.36398004 0.03863774 -0.25585160 -0.96594362 0.01949235
-0.01455920 -0.93129295 0.36398004 -0.03863774 -0.25585160 0.96594362 0.01949235
-0.01455920 -0.93129295 -0.36398004 -0.03863774 -0.25585160 -0.96594362 0.01949235
-0.36398004 -0.93129295 0.01455920 -0.96594362 -0.25585160 0.03863774 0.01949235
-0.36398004 -0.93129295 -0.01455920 -0.96594362 -0.25585160 -0.03863774 0.01949235
-0.04456980 -0.99891418 -0.01356472 0.71299283 -0.66674821 0.21699782 0.88396851
-0.04456980 -0.99891418 0.01356472 0.71299283 -0.66674821 -0.21699782 0.88396851
-0.08804447 -0.99504837 -0.04611853 0.61733319 -0.71717140 0.32336500 0.94810261
-0.08804447 -0.99504837 0.04611853 0.61733319 -0.71717140 -0.32336500 0.94810261
0.00203064 -0.99999665 0.00160313 0.61416966 -0.62265235 0.48487079 0.73620000
0.00203064 -0.99999665 -0.00160313 0.61416966 -0.62265235 -0.48487079 0.73620000
-0.03294290 -0.99891418 -0.03294290 0.52699470 -0.66674821 0.52699470 0.88396851
-0.03294290 -0.99891418 0.03294290 0.52699470 -0.66674821 -0.52699470 0.88396851
0.00160313 -0.99999665 0.00203064 0.48487079 -0.62265235 0.61416966 0.73620000
0.00160313 -0.99999665 -0.00203064 0.48487079 -0.62265235 -0.61416966 0.73620000
-0.04611853 -0.99504837 -0.08804447 0.32336500 -0.71717140 0.61733319 0.94810261
-0.04611853 -0.99504837 0.08804447 0.32336500 -0.71717140 -0.61733319 0.94810261
-0.01356472 -0.99891418 -0.04456980 0.21699782 -0.66674821 0.71299283 0.88396851
-0.01356472 -0.99891418 0.04456980 0.21699782 -0.66674821 -0.71299283 0.88396851
0.01356472 -0.99891418 -0.04456980 -0.21699782 -0.66674821 0.71299283 0.88396851
0.01356472 -0.99891418 0.04456980 -0.21699782 -0.66674821 -0.71299283 0.88396851
0.04611853 -0.99504837 -0.08804447 -0.32336500 -0.71717140 0.61733319 0.94810261
0.04611853 -0.99504837 0.08804447 -0.32336500 -0.71717140 -0.61733319 0.94810261
-0.00160313 -0.99999665 0.00203064 -0.48487079 -0.62265235 0.61416966 0.73620000
-0.00160313 -0.99999665 -0.00203064 -0.48487079 -0.62265235 -0.61416966 0.73620000
0.03294290 -0.99891418 -0.03294290 -0.52699470 -0.66674821 0.52699470 0.88396851
0.03294290 -0.99891418 0.03294290 -0.52699470 -0.66674821 -0.52699470 0.88396851
-0.00203064 -0.99999665 0.00160313 -0.61416966 -0.62265235 0.48487079 0.73620000
-0.00203064 -0.99999665 -0.00160313 -0.61416966 -0.62265235 -0.48487079 0.73620000
0.08804447 -0.99504837 -0.04611853 -0.61733319 -0.71717140 0.32336500 0.94810261
0.08804447 -0.99504837 0.04611853 -0.61733319 -0.71717140 -0.32336500 0.94810261
0.04456980 -0.99891418 -0.01356472 -0.71299283 -0.66674821 0.21699782 0.88396851
0.04456980 -0.99891418 0.01356472 -0.71299283 -0.66674821 -0.21699782 0.88396851
-0.25650798 -0.96493222 -0.05576260 0.54898669 -0.82726683 0.11934493 0.01499540
-0.25650798 -0.96493222 0.05576260 0.54898669 -0.82726683 -0.11934493 0.01499540
-0.05576260 -0.96493222 -0.25650798 0.11934493 -0.82726683 0.54898669 0.01499540
-0.05576260 -0.96493222 0.25650798 0.11934493 -0.82726683 -0.54898669 0.01499540
0.05576260 -0.96493222 -0.25650798 -0.11934493 -0.82726683 0.54898669 0.01499540
0.05576260 -0.96493222 0.25650798 -0.11934493 -0.82726683 -0.54898669 0.01499540
0.25650798 -0.96493222 -0.05576260 -0.54898669 -0.82726683 0.11934493 0.01499540
0.25650798 -0.96493222 0.05576260 -0.54898669 -0.82726683 -0.11934493 0.01499540
0.04442881 -0.99896586 0.00965844 0.77008169 -0.61558785 0.16740906 0.56229263
-0.05563104 -0.99842503 -0.00725622 0.70385852 -0.70438239 0.09180763 0.92908823
-0.07953539 -0.99682605 -0.00345806 0.68631618 -0.72669092 0.02983983 0.95184893
-0.07953539 -0.99682605 0.00345806 0.68631618 -0.72669092 -0.02983983 0.95184893
-0.05563104 -0.99842503 0.00725622 0.70385852 -0.70438239 -0.09180763 0.92908823
0.04442881 -0.99896586 -0.00965844 0.77008169 -0.61558785 -0.16740906 0.56229263
-0.08985766 -0.99520980 -0.03851042 0.61344125 -0.74469567 0.26290339 0.96344963
-0.08985766 -0.99520980 0.03851042 0.61344125 -0.74469567 -0.26290339 0.96344963
-0.06570314 -0.99682605 -0.04495478 0.56695684 -0.72669092 0.38791784 0.95184893
-0.06570314 -0.99682605 0.04495478 0.56695684 -0.72669092 -0.38791784 0.95184893
-0.04495478 -0.99682605 -0.06570314 0.38791784 -0.72669092 0.56695684 0.95184893
-0.04495478 -0.99682605 0.06570314 0.38791784 -0.72669092 -0.56695684 0.95184893
-0.03851042 -0.99520980 -0.08985766 0.26290339 -0.74469567 0.61344125 0.96344963
-0.03851042 -0.99520980 0.08985766 0.26290339 -0.74469567 -0.61344125 0.96344963
0.00965844 -0.99896586 0.04442881 0.16740906 -0.61558785 0.77008169 0.56229263
0.00965844 -0.99896586 -0.04442881 0.16740906 -0.61558785 -0.77008169 0.56229263
-0.00725622 -0.99842503 -0.05563104 0.09180763 -0.70438239 0.70385852 0.92908823
-0.00725622 -0.99842503 0.05563104 0.09180763 -0.70438239 -0.70385852 0.92908823
-0.00345806 -0.99682605 -0.07953539 0.02983983 -0.72669092 0.68631618 0.95184893
-0.00345806 -0.99682605 0.07953539 0.02983983 -0.72669092 -0.68631618 0.95184893
0.00345806 -0.99682605 -0.07953539 -0.02983983 -0.72669092 0.68631618 0.95184893
0.00345806 -0.99682605 0.07953539 -0.02983983 -0.72669092 -0.68631618 0.95184893
0.00725622 -0.99842503 -0.05563104 -0.09180763 -0.70438239 0.70385852 0.92908823
0.00725622 -0.99842503 0.05563104 -0.09180763 -0.70438239 -0.70385852 0.92908823
-0.00965844 -0.99896586 0.04442881 -0.16740906 -0.61558785 0.77008169 0.56229263
-0.00965844 -0.99896586 -0.04442881 -0.16740906 -0.61558785 -0.77008169 0.56229263
0.03851042 -0.99520980 -0.08985766 -0.26290339 -0.74469567 0.61344125 0.96344963
0.03851042 -0.99520980 0.08985766 -0.26290339 -0.74469567 -0.61344125 0.96344963
0.04495478 -0.99682605 -0.06570314 -0.38791784 -0.72669092 0.56695684 0.95184893
0.04495478 -0.99682605 0.06570314 -0.38791784 -0.72669092 -0.56695684 0.95184893
0.06570314 -0.99682605 -0.04495478 -0.56695684 -0.72669092 0.38791784 0.95184893
0.06570314 -0.99682605 0.04495478 -0.56695684 -0.72669092 -0.38791784 0.95184893
0.08985766 -0.99520980 -0.03851042 -0.61344125 -0.74469567 0.26290339 0.96344963
0.08985766 -0.99520980 0.03851042 -0.61344125 -0.74469567 -0.26290339 0.96344963
-0.04442881 -0.99896586 0.00965844 -0.77008169 -0.61558785 0.16740906 0.56229263
0.05563104 -0.99842503 -0.00725622 -0.70385852 -0.70438239 0.09180763 0.92908823
0.07953539 -0.99682605 -0.00345806 -0.68631618 -0.72669092 0.02983983 0.95184893
0.07953539 -0.99682605 0.00345806 -0.68631618 -0.72669092 -0.02983983 0.95184893
0.05563104 -0.99842503 0.00725622 -0.70385852 -0.70438239 -0.09180763 0.92908823
-0.04442881 -0.99896586 -0.00965844 -0.77008169 -0.61558785 -0.16740906 0.56229263
-0.07578262 -0.99680434 -0.02526087 0.62220052 -0.75488521 0.20740017 0.96652968
-0.07578262 -0.99680434 0.02526087 0.62220052 -0.75488521 -0.20740017 0.96652968
0.00428618 -0.99998366 0.00378193 0.55130137 -0.67782049 0.48644238 0.82638479
0.00428618 -0.99998366 -0.00378193 0.55130137 -0.67782049 -0.48644238 0.82638479
0.00378193 -0.99998366 0.00428618 0.48644238 -0.67782049 0.55130137 0.82638479
0.00378193 -0.99998366 -0.00428618 0.48644238 -0.67782049 -0.55130137 0.82638479
-0.02526087 -0.99680434 -0.07578262 0.20740017 -0.75488521 0.62220052 0.96652968
-0.02526087 -0.99680434 0.07578262 0.20740017 -0.75488521 -0.62220052 0.96652968
0.02526087 -0.99680434 -0.07578262 -0.20740017 -0.75488521 0.62220052 0.96652968
0.02526087 -0.99680434 0.07578262 -0.20740017 -0.75488521 -0.62220052 0.96652968
-0.00378193 -0.99998366 0.00428618 -0.48644238 -0.67782049 0.55130137 0.82638479
-0.00378193 -0.99998366 -0.00428618 -0.48644238 -0.67782049 -0.55130137 0.82638479
-0.00428618 -0.99998366 0.00378193 -0.55130137 -0.67782049 0.48644238 0.82638479
-0.00428618 -0.99998366 -0.00378193 -0.55130137 -0.67782049 -0.48644238 0.82638479
0.07578262 -0.99680434 -0.02526087 -0.62220052 -0.75488521 0.20740017 0.96652968
0.07578262 -0.99680434 0.02526087 -0.62220052 -0.75488521 -0.20740017 0.96652968
-0.04249204 -0.99904558 -0.01011715 0.64627642 -0.74742837 0.15387534 0.95418618
-0.07817139 -0.99687739 -0.01116734 0.61830118 -0.78096202 0.08832874 0.97612029
-0.07817139 -0.99687739 0.01116734 0.61830118 -0.78096202 -0.08832874 0.97612029
-0.04249204 -0.99904558 0.01011715 0.64627642 -0.74742837 -0.15387534 0.95418618
0.03785208 -0.99904303 0.02191436 0.63904035 -0.67435087 0.36997073 0.68673942
0.03785208 -0.99904303 -0.02191436 0.63904035 -0.67435087 -0.36997073 0.68673942
-0.05054189 -0.99797381 -0.03864968 0.51071027 -0.76593151 0.39054314 0.96882375
-0.05054189 -0.99797381 0.03864968 0.51071027 -0.76593151 -0.39054314 0.96882375
-0.05583671 -0.99687739 -0.05583671 0.44164370 -0.78096202 0.44164370 0.97612029
-0.05583671 -0.99687739 0.05583671 0.44164370 -0.78096202 -0.44164370 0.97612029
-0.03864968 -0.99797381 -0.05054189 0.39054314 -0.76593151 0.51071027 0.96882375
-0.03864968 -0.99797381 0.05054189 0.39054314 -0.76593151 -0.51071027 0.96882375
0.02191436 -0.99904303 0.03785208 0.36997073 -0.67435087 0.63904035 0.68673942
0.02191436 -0.99904303 -0.03785208 0.36997073 -0.67435087 -0.63904035 0.68673942
-0.01011715 -0.99904558 -0.04249204 0.15387534 -0.74742837 0.64627642 0.95418618
-0.01011715 -0.99904558 0.04249204 0.15387534 -0.74742837 -0.64627642 0.95418618
-0.01116734 -0.99687739 -0.07817139 0.08832874 -0.78096202 0.61830118 0.97612029
-0.01116734 -0.99687739 0.07817139 0.08832874 -0.78096202 -0.61830118 0.97612029
0.01116734 -0.99687739 -0.07817139 -0.08832874 -0.78096202 0.61830118 0.97612029
0.01116734 -0.99687739 0.07817139 -0.08832874 -0.78096202 -0.61830118 0.97612029
0.01011715 -0.99904558 -0.04249204 -0.15387534 -0.74742837 0.64627642 0.95418618
0.01011715 -0.99904558 0.04249204 -0.15387534 -0.74742837 -0.64627642 0.95418618
-0.02191436 -0.99904303 0.03785208 -0.36997073 -0.67435087 0.63904035 0.68673942
-0.02191436 -0.99904303 -0.03785208 -0.36997073 -0.67435087 -0.63904035 0.68673942
0.03864968 -0.99797381 -0.05054189 -0.39054314 -0.76593151 0.51071027 0.96882375
0.03864968 -0.99797381 0.05054189 -0.39054314 -0.76593151 -0.51071027 0.96882375
0.05583671 -0.99687739 -0.05583671 -0.44164370 -0.78096202 0.44164370 0.97612029
0.05583671 -0.99687739 0.05583671 -0.44164370 -0.78096202 -0.44164370 0.97612029
0.05054189 -0.99797381 -0.03864968 -0.51071027 -0.76593151 0.39054314 0.96882375
0.05054189 -0.99797381 0.03864968 -0.51071027 -0.76593151 -0.39054314 0.96882375
-0.03785208 -0.99904303 0.02191436 -0.63904035 -0.67435087 0.36997073 0.68673942
-0.03785208 -0.99904303 -0.02191436 -0.63904035 -0.67435087 -0.36997073 0.68673942
0.04249204 -0.99904558 -0.01011715 -0.64627642 -0.74742837 0.15387534 0.95418618
0.07817139 -0.99687739 -0.01116734 -0.61830118 -0.78096202 0.08832874 0.97612029
0.07817139 -0.99687739 0.01116734 -0.61830118 -0.78096202 -0.08832874 0.97612029
0.04249204 -0.99904558 0.01011715 -0.64627642 -0.74742837 -0.15387534 0.95418618
0.00757099 -0.99997127 0.00036052 0.68296373 -0.72972793 0.03252208 0.88739655
0.00757099 -0.99997127 -0.00036052 0.68296373 -0.72972793 -0.03252208 0.88739655
0.00684994 -0.99997127 0.00324471 0.61791957 -0.72972793 0.29269874 0.88739655
0.00684994 -0.99997127 -0.00324471 0.61791957 -0.72972793 -0.29269874 0.88739655
0.00324471 -0.99997127 0.00684994 0.29269874 -0.72972793 0.61791957 0.88739655
0.00324471 -0.99997127 -0.00684994 0.29269874 -0.72972793 -0.61791957 0.88739655
0.00036052 -0.99997127 0.00757099 0.03252208 -0.72972793 0.68296373 0.88739655
0.00036052 -0.99997127 -0.00757099 0.03252208 -0.72972793 -0.68296373 0.88739655
-0.00036052 -0.99997127 0.00757099 -0.03252208 -0.72972793 0.68296373 0.88739655
-0.00036052 -0.99997127 -0.00757099 -0.03252208 -0.72972793 -0.68296373 0.88739655
-0.00324471 -0.99997127 0.00684994 -0.29269874 -0.72972793 0.61791957 0.88739655
-0.00324471 -0.99997127 -0.00684994 -0.29269874 -0.72972793 -0.61791957 0.88739655
-0.00684994 -0.99997127 0.00324471 -0.61791957 -0.72972793 0.29269874 0.88739655
-0.00684994 -0.99997127 -0.00324471 -0.61791957 -0.72972793 -0.29269874 0.88739655
-0.00757099 -0.99997127 0.00036052 -0.68296373 -0.72972793 0.03252208 0.88739655
-0.00757099 -0.99997127 -0.00036052 -0.68296373 -0.72972793 -0.03252208 0.88739655
0.03181730 -0.99942496 0.01172216 0.63664304 -0.73462281 0.23455270 0.81868915
-0.05105300 -0.99860557 -0.01343500 0.57255800 -0.80590008 0.15067316 0.98032428
-0.05105300 -0.99860557 0.01343500 0.57255800 -0.80590008 -0.15067316 0.98032428
0.03181730 -0.99942496 -0.01172216 0.63664304 -0.73462281 -0.23455270 0.81868915
0.02846811 -0.99942496 0.01842054 0.56962798 -0.73462281 0.36858281 0.81868915
0.02846811 -0.99942496 -0.01842054 0.56962798 -0.73462281 -0.36858281 0.81868915
-0.02748532 -0.99933835 -0.02382061 0.46243875 -0.79090176 0.40078025 0.97194028
-0.02748532 -0.99933835 0.02382061 0.46243875 -0.79090176 -0.40078025 0.97194028
-0.02382061 -0.99933835 -0.02748532 0.40078025 -0.79090176 0.46243875 0.97194028
-0.02382061 -0.99933835 0.02748532 0.40078025 -0.79090176 -0.46243875 0.97194028
0.01842054 -0.99942496 0.02846811 0.36858281 -0.73462281 0.56962798 0.81868915
0.01842054 -0.99942496 -0.02846811 0.36858281 -0.73462281 -0.56962798 0.81868915
0.01172216 -0.99942496 0.03181730 0.23455270 -0.73462281 0.63664304 0.81868915
0.01172216 -0.99942496 -0.03181730 0.23455270 -0.73462281 -0.63664304 0.81868915
-0.01343500 -0.99860557 -0.05105300 0.15067316 -0.80590008 0.57255800 0.98032428
-0.01343500 -0.99860557 0.05105300 0.15067316 -0.80590008 -0.57255800 0.98032428
0.01343500 -0.99860557 -0.05105300 -0.15067316 -0.80590008 0.57255800 0.98032428
0.01343500 -0.99860557 0.05105300 -0.15067316 -0.80590008 -0.57255800 0.98032428
-0.01172216 -0.99942496 0.03181730 -0.23455270 -0.73462281 0.63664304 0.81868915
-0.01172216 -0.99942496 -0.03181730 -0.23455270 -0.73462281 -0.63664304 0.81868915
-0.01842054 -0.99942496 0.02846811 -0.36858281 -0.73462281 0.56962798 0.81868915
-0.01842054 -0.99942496 -0.02846811 -0.36858281 -0.73462281 -0.56962798 0.81868915
0.02382061 -0.99933835 -0.02748532 -0.40078025 -0.79090176 0.46243875 0.97194028
0.02382061 -0.99933835 0.02748532 -0.40078025 -0.79090176 -0.46243875 0.97194028
0.02748532 -0.99933835 -0.02382061 -0.46243875 -0.79090176 0.40078025 0.97194028
0.02748532 -0.99933835 0.02382061 -0.46243875 -0.79090176 -0.40078025 0.97194028
-0.02846811 -0.99942496 0.01842054 -0.56962798 -0.73462281 0.36858281 0.81868915
-0.02846811 -0.99942496 -0.01842054 -0.56962798 -0.73462281 -0.36858281 0.81868915
-0.03181730 -0.99942496 0.01172216 -0.63664304 -0.73462281 0.23455270 0.81868915
0.05105300 -0.99860557 -0.01343500 -0.57255800 -0.80590008 0.15067316 0.98032428
0.05105300 -0.99860557 0.01343500 -0.57255800 -0.80590008 -0.15067316 0.98032428
-0.03181730 -0.99942496 -0.01172216 -0.63664304 -0.73462281 -0.23455270 0.81868915
0.00074440 -0.99999972 0.00011754 0.61348682 -0.78374156 0.09686634 0.94327579
-0.02575903 -0.99966726 -0.00135574 0.59236256 -0.80506807 0.03117698 0.97338892
-0.02575903 -0.99966726 0.00135574 0.59236256 -0.80506807 -0.03117698 0.97338892
0.00074440 -0.99999972 -0.00011754 0.61348682 -0.78374156 -0.09686634 0.94327579
0.00066604 -0.99999972 0.00035261 0.54890926 -0.78374156 0.29059902 0.94327579
0.00066604 -0.99999972 -0.00035261 0.54890926 -0.78374156 -0.29059902 0.94327579
-0.04463981 -0.99846665 -0.03273586 0.44741834 -0.83196320 0.32810678 0.98631102
-0.04463981 -0.99846665 0.03273586 0.44741834 -0.83196320 -0.32810678 0.98631102
-0.03273586 -0.99846665 -0.04463981 0.32810678 -0.83196320 0.44741834 0.98631102
-0.03273586 -0.99846665 0.04463981 0.32810678 -0.83196320 -0.44741834 0.98631102
0.00035261 -0.99999972 0.00066604 0.29059902 -0.78374156 0.54890926 0.94327579
0.00035261 -0.99999972 -0.00066604 0.29059902 -0.78374156 -0.54890926 0.94327579
0.00011754 -0.99999972 0.00074440 0.09686634 -0.78374156 0.61348682 0.94327579
0.00011754 -0.99999972 -0.00074440 0.09686634 -0.78374156 -0.61348682 0.94327579
-0.00135574 -0.99966726 -0.02575903 0.03117698 -0.80506807 0.59236256 0.97338892
-0.00135574 -0.99966726 0.02575903 0.03117698 -0.80506807 -0.59236256 0.97338892
0.00135574 -0.99966726 -0.02575903 -0.03117698 -0.80506807 0.59236256 0.97338892
0.00135574 -0.99966726 0.02575903 -0.03117698 -0.80506807 -0.59236256 0.97338892
-0.00011754 -0.99999972 0.00074440 -0.09686634 -0.78374156 0.61348682 0.94327579
-0.00011754 -0.99999972 -0.00074440 -0.09686634 -0.78374156 -0.61348682 0.94327579
-0.00035261 -0.99999972 0.00066604 -0.29059902 -0.78374156 0.54890926 0.94327579
-0.00035261 -0.99999972 -0.00066604 -0.29059902 -0.78374156 -0.54890926 0.94327579
0.03273586 -0.99846665 -0.04463981 -0.32810678 -0.83196320 0.44741834 0.98631102
0.03273586 -0.99846665 0.04463981 -0.32810678 -0.83196320 -0.44741834 0.98631102
0.04463981 -0.99846665 -0.03273586 -0.44741834 -0.83196320 0.32810678 0.98631102
0.04463981 -0.99846665 0.03273586 -0.44741834 -0.83196320 -0.32810678 0.98631102
-0.00066604 -0.99999972 0.00035261 -0.54890926 -0.78374156 0.29059902 0.94327579
-0.00066604 -0.99999972 -0.00035261 -0.54890926 -0.78374156 -0.29059902 0.94327579
-0.00074440 -0.99999972 0.00011754 -0.61348682 -0.78374156 0.09686634 0.94327579
0.02575903 -0.99966726 -0.00135574 -0.59236256 -0.80506807 0.03117698 0.97338892
0.02575903 -0.99966726 0.00135574 -0.59236256 -0.80506807 -0.03117698 0.97338892
-0.00074440 -0.99999972 -0.00011754 -0.61348682 -0.78374156 -0.09686634 0.94327579
0.01076899 -0.99993218 0.00443429 0.55702067 -0.79819878 0.22936145 0.93722919
-0.04539136 -0.99888007 -0.01335040 0.51052831 -0.84664881 0.15015539 0.98805937
-0.04539136 -0.99888007 0.01335040 0.51052831 -0.84664881 -0.15015539 0.98805937
0.01076899 -0.99993218 -0.00443429 0.55702067 -0.79819878 -0.22936145 0.93722919
0.00823511 -0.99993218 0.00823511 0.42595698 -0.79819878 0.42595698 0.93722919
0.00823511 -0.99993218 -0.00823511 0.42595698 -0.79819878 -0.42595698 0.93722919
0.00443429 -0.99993218 0.01076899 0.22936145 -0.79819878 0.55702067 0.93722919
0.00443429 -0.99993218 -0.01076899 0.22936145 -0.79819878 -0.55702067 0.93722919
-0.01335040 -0.99888007 -0.04539136 0.15015539 -0.84664881 0.51052831 0.98805937
-0.01335040 -0.99888007 0.04539136 0.15015539 -0.84664881 -0.51052831 0.98805937
0.01335040 -0.99888007 -0.04539136 -0.15015539 -0.84664881 0.51052831 0.98805937
0.01335040 -0.99888007 0.04539136 -0.15015539 -0.84664881 -0.51052831 0.98805937
-0.00443429 -0.99993218 0.01076899 -0.22936145 -0.79819878 0.55702067 0.93722919
-0.00443429 -0.99993218 -0.01076899 -0.22936145 -0.79819878 -0.55702067 0.93722919
-0.00823511 -0.99993218 0.00823511 -0.42595698 -0.79819878 0.42595698 0.93722919
-0.00823511 -0.99993218 -0.00823511 -0.42595698 -0.79819878 -0.42595698 0.93722919
-0.01076899 -0.99993218 0.00443429 -0.55702067 -0.79819878 0.22936145 0.93722919
0.04539136 -0.99888007 -0.01335040 -0.51052831 -0.84664881 0.15015539 0.98805937
0.04539136 -0.99888007 0.01335040 -0.51052831 -0.84664881 -0.15015539 0.98805937
-0.01076899 -0.99993218 -0.00443429 -0.55702067 -0.79819878 -0.22936145 0.93722919
-0.01249585 -0.99991949 -0.00220515 0.53796382 -0.83760511 0.09493479 0.97856325
-0.02946914 -0.99956419 -0.00173348 0.52352362 -0.85145444 0.03079551 0.98668015
-0.02946914 -0.99956419 0.00173348 0.52352362 -0.85145444 -0.03079551 0.98668015
-0.01249585 -0.99991949 0.00220515 0.53796382 -0.83760511 -0.09493479 0.97856325
0.01569781 -0.99983242 0.00941869 0.49674967 -0.81511108 0.29804980 0.93639198
0.01569781 -0.99983242 -0.00941869 0.49674967 -0.81511108 -0.29804980 0.93639198
-0.02253523 -0.99956419 -0.01906827 0.40034159 -0.85145444 0.33875058 0.98668015
-0.02253523 -0.99956419 0.01906827 0.40034159 -0.85145444 -0.33875058 0.98668015
-0.01906827 -0.99956419 -0.02253523 0.33875058 -0.85145444 0.40034159 0.98668015
-0.01906827 -0.99956419 0.02253523 0.33875058 -0.85145444 -0.40034159 0.98668015
0.00941869 -0.99983242 0.01569781 0.29804980 -0.81511108 0.49674967 0.93639198
0.00941869 -0.99983242 -0.01569781 0.29804980 -0.81511108 -0.49674967 0.93639198
-0.00220515 -0.99991949 -0.01249585 0.09493479 -0.83760511 0.53796382 0.97856325
-0.00220515 -0.99991949 0.01249585 0.09493479 -0.83760511 -0.53796382 0.97856325
-0.00173348 -0.99956419 -0.02946914 0.03079551 -0.85145444 0.52352362 0.98668015
-0.00173348 -0.99956419 0.02946914 0.03079551 -0.85145444 -0.52352362 0.98668015
0.00173348 -0.99956419 -0.02946914 -0.03079551 -0.85145444 0.52352362 0.98668015
0.00173348 -0.99956419 0.02946914 -0.03079551 -0.85145444 -0.52352362 0.98668015
0.00220515 -0.99991949 -0.01249585 -0.09493479 -0.83760511 0.53796382 0.97856325
0.00220515 -0.99991949 0.01249585 -0.09493479 -0.83760511 -0.53796382 0.97856325
-0.00941869 -0.99983242 0.01569781 -0.29804980 -0.81511108 0.49674967 0.93639198
-0.00941869 -0.99983242 -0.01569781 -0.29804980 -0.81511108 -0.49674967 0.93639198
0.01906827 -0.99956419 -0.02253523 -0.33875058 -0.85145444 0.40034159 0.98668015
0.01906827 -0.99956419 0.02253523 -0.33875058 -0.85145444 -0.40034159 0.98668015
0.02253523 -0.99956419 -0.01906827 -0.40034159 -0.85145444 0.33875058 0.98668015
0.02253523 -0.99956419 0.01906827 -0.40034159 -0.85145444 -0.33875058 0.98668015
-0.01569781 -0.99983242 0.00941869 -0.49674967 -0.81511108 0.29804980 0.93639198
-0.01569781 -0.99983242 -0.00941869 -0.49674967 -0.81511108 -0.29804980 0.93639198
0.01249585 -0.99991949 -0.00220515 -0.53796382 -0.83760511 0.09493479 0.97856325
0.02946914 -0.99956419 -0.00173348 -0.52352362 -0.85145444 0.03079551 0.98668015
0.02946914 -0.99956419 0.00173348 -0.52352362 -0.85145444 -0.03079551 0.98668015
0.01249585 -0.99991949 0.00220515 -0.53796382 -0.83760511 -0.09493479 0.97856325
0.01680369 -0.99982806 0.00784172 0.49799539 -0.83545906 0.23239785 0.94778849
-0.03527044 -0.99930865 -0.01175681 0.45319865 -0.87851579 0.15106622 0.99132739
-0.03527044 -0.99930865 0.01175681 0.45319865 -0.87851579 -0.15106622 0.99132739
0.01680369 -0.99982806 -0.00784172 0.49799539 -0.83545906 -0.23239785 0.94778849
-0.03056772 -0.99930865 -0.02116227 0.39277216 -0.87851579 0.27191919 0.99132739
-0.03056772 -0.99930865 0.02116227 0.39277216 -0.87851579 -0.27191919 0.99132739
-0.02116227 -0.99930865 -0.03056772 0.27191919 -0.87851579 0.39277216 0.99132739
-0.02116227 -0.99930865 0.03056772 0.27191919 -0.87851579 -0.39277216 0.99132739
0.00784172 -0.99982806 0.01680369 0.23239785 -0.83545906 0.49799539 0.94778849
0.00784172 -0.99982806 -0.01680369 0.23239785 -0.83545906 -0.49799539 0.94778849
-0.01175681 -0.99930865 -0.03527044 0.15106622 -0.87851579 0.45319865 0.99132739
-0.01175681 -0.99930865 0.03527044 0.15106622 -0.87851579 -0.45319865 0.99132739
0.01175681 -0.99930865 -0.03527044 -0.15106622 -0.87851579 0.45319865 0.99132739
0.01175681 -0.99930865 0.03527044 -0.15106622 -0.87851579 -0.45319865 0.99132739
-0.00784172 -0.99982806 0.01680369 -0.23239785 -0.83545906 0.49799539 0.94778849
-0.00784172 -0.99982806 -0.01680369 -0.23239785 -0.83545906 -0.49799539 0.94778849
0.02116227 -0.99930865 -0.03056772 -0.27191919 -0.87851579 0.39277216 0.99132739
0.02116227 -0.99930865 0.03056772 -0.27191919 -0.87851579 -0.39277216 0.99132739
0.03056772 -0.99930865 -0.02116227 -0.39277216 -0.87851579 0.27191919 0.99132739
0.03056772 -0.99930865 0.02116227 -0.39277216 -0.87851579 -0.27191919 0.99132739
-0.01680369 -0.99982806 0.00784172 -0.49799539 -0.83545906 0.23239785 0.94778849
0.03527044 -0.99930865 -0.01175681 -0.45319865 -0.87851579 0.15106622 0.99132739
0.03527044 -0.99930865 0.01175681 -0.45319865 -0.87851579 -0.15106622 0.99132739
-0.01680369 -0.99982806 -0.00784172 -0.49799539 -0.83545906 -0.23239785 0.94778849
-0.01178152 -0.99992782 -0.00235630 0.47358880 -0.87563816 0.09471776 0.98734261
-0.02530321 -0.99967840 -0.00168688 0.46158657 -0.88656127 0.03077244 0.99120409
-0.02530321 -0.99967840 0.00168688 0.46158657 -0.88656127 -0.03077244 0.99120409
-0.01178152 -0.99992782 0.00235630 0.47358880 -0.87563816 -0.09471776 0.98734261
0.00865832 -0.99992503 0.00865832 0.36230132 -0.85876394 0.36230132 0.96758450
0.00865832 -0.99992503 -0.00865832 0.36230132 -0.85876394 -0.36230132 0.96758450
-0.00235630 -0.99992782 -0.01178152 0.09471776 -0.87563816 0.47358880 0.98734261
-0.00235630 -0.99992782 0.01178152 0.09471776 -0.87563816 -0.47358880 0.98734261
-0.00168688 -0.99967840 -0.02530321 0.03077244 -0.88656127 0.46158657 0.99120409
-0.00168688 -0.99967840 0.02530321 0.03077244 -0.88656127 -0.46158657 0.99120409
0.00168688 -0.99967840 -0.02530321 -0.03077244 -0.88656127 0.46158657 0.99120409
0.00168688 -0.99967840 0.02530321 -0.03077244 -0.88656127 -0.46158657 0.99120409
0.00235630 -0.99992782 -0.01178152 -0.09471776 -0.87563816 0.47358880 0.98734261
0.00235630 -0.99992782 0.01178152 -0.09471776 -0.87563816 -0.47358880 0.98734261
-0.00865832 -0.99992503 0.00865832 -0.36230132 -0.85876394 0.36230132 0.96758450
-0.00865832 -0.99992503 -0.00865832 -0.36230132 -0.85876394 -0.36230132 0.96758450
0.01178152 -0.99992782 -0.00235630 -0.47358880 -0.87563816 0.09471776 0.98734261
0.02530321 -0.99967840 -0.00168688 -0.46158657 -0.88656127 0.03077244 0.99120409
0.02530321 -0.99967840 0.00168688 -0.46158657 -0.88656127 -0.03077244 0.99120409
0.01178152 -0.99992782 0.00235630 -0.47358880 -0.87563816 -0.09471776 0.98734261
0.06238167 -0.99748696 0.03359013 0.47315263 -0.84333655 0.25477450 0.70183567
-0.02399986 -0.99966935 -0.00923071 0.39777520 -0.90463739 0.15299046 0.99290793
-0.02399986 -0.99966935 0.00923071 0.39777520 -0.90463739 -0.15299046 0.99290793
0.06238167 -0.99748696 -0.03359013 0.47315263 -0.84333655 -0.25477450 0.70183567
-0.01166230 -0.99988647 -0.00954188 0.34443405 -0.89551577 0.28180967 0.99095254
-0.01166230 -0.99988647 0.00954188 0.34443405 -0.89551577 -0.28180967 0.99095254
-0.00954188 -0.99988647 -0.01166230 0.28180967 -0.89551577 0.34443405 0.99095254
-0.00954188 -0.99988647 0.01166230 0.28180967 -0.89551577 -0.34443405 0.99095254
0.03359013 -0.99748696 0.06238167 0.25477450 -0.84333655 0.47315263 0.70183567
0.03359013 -0.99748696 -0.06238167 0.25477450 -0.84333655 -0.47315263 0.70183567
-0.00923071 -0.99966935 -0.02399986 0.15299046 -0.90463739 0.39777520 0.99290793
-0.00923071 -0.99966935 0.02399986 0.15299046 -0.90463739 -0.39777520 0.99290793
0.00923071 -0.99966935 -0.02399986 -0.15299046 -0.90463739 0.39777520 0.99290793
0.00923071 -0.99966935 0.02399986 -0.15299046 -0.90463739 -0.39777520 0.99290793
-0.03359013 -0.99748696 0.06238167 -0.25477450 -0.84333655 0.47315263 0.70183567
-0.03359013 -0.99748696 -0.06238167 -0.25477450 -0.84333655 -0.47315263 0.70183567
0.00954188 -0.99988647 -0.01166230 -0.28180967 -0.89551577 0.34443405 0.99095254
0.00954188 -0.99988647 0.01166230 -0.28180967 -0.89551577 -0.34443405 0.99095254
0.01166230 -0.99988647 -0.00954188 -0.34443405 -0.89551577 0.28180967 0.99095254
0.01166230 -0.99988647 0.00954188 -0.34443405 -0.89551577 -0.28180967 0.99095254
-0.06238167 -0.99748696 0.03359013 -0.47315263 -0.84333655 0.25477450 0.70183567
0.02399986 -0.99966935 -0.00923071 -0.39777520 -0.90463739 0.15299046 0.99290793
0.02399986 -0.99966935 0.00923071 -0.39777520 -0.90463739 -0.15299046 0.99290793
-0.06238167 -0.99748696 -0.03359013 -0.47315263 -0.84333655 -0.25477450 0.70183567
-0.00655720 -0.99997736 -0.00151320 0.41342649 -0.90552538 0.09540611 0.99069974
-0.01869189 -0.99982426 -0.00143784 0.40232294 -0.91497458 0.03094792 0.99321181
-0.01869189 -0.99982426 0.00143784 0.40232294 -0.91497458 -0.03094792 0.99321181
-0.00655720 -0.99997736 0.00151320 0.41342649 -0.90552538 -0.09540611 0.99069974
-0.01581621 -0.99982426 -0.01006486 0.34042710 -0.91497458 0.21663543 0.99321181
-0.01581621 -0.99982426 0.01006486 0.34042710 -0.91497458 -0.21663543 0.99321181
-0.01006486 -0.99982426 -0.01581621 0.21663543 -0.91497458 0.34042710 0.99321181
-0.01006486 -0.99982426 0.01581621 0.21663543 -0.91497458 -0.34042710 0.99321181
-0.00151320 -0.99997736 -0.00655720 0.09540611 -0.90552538 0.41342649 0.99069974
-0.00151320 -0.99997736 0.00655720 0.09540611 -0.90552538 -0.41342649 0.99069974
-0.00143784 -0.99982426 -0.01869189 0.03094792 -0.91497458 0.40232294 0.99321181
-0.00143784 -0.99982426 0.01869189 0.03094792 -0.91497458 -0.40232294 0.99321181
0.00143784 -0.99982426 -0.01869189 -0.03094792 -0.91497458 0.40232294 0.99321181
0.00143784 -0.99982426 0.01869189 -0.03094792 -0.91497458 -0.40232294 0.99321181
0.00151320 -0.99997736 -0.00655720 -0.09540611 -0.90552538 0.41342649 0.99069974
0.00151320 -0.99997736 0.00655720 -0.09540611 -0.90552538 -0.41342649 0.99069974
0.01006486 -0.99982426 -0.01581621 -0.21663543 -0.91497458 0.34042710 0.99321181
0.01006486 -0.99982426 0.01581621 -0.21663543 -0.91497458 -0.34042710 0.99321181
0.01581621 -0.99982426 -0.01006486 -0.34042710 -0.91497458 0.21663543 0.99321181
0.01581621 -0.99982426 0.01006486 -0.34042710 -0.91497458 -0.21663543 0.99321181
0.00655720 -0.99997736 -0.00151320 -0.41342649 -0.90552538 0.09540611 0.99069974
0.01869189 -0.99982426 -0.00143784 -0.40232294 -0.91497458 0.03094792 0.99321181
0.01869189 -0.99982426 0.00143784 -0.40232294 -0.91497458 -0.03094792 0.99321181
0.00655720 -0.99997736 0.00151320 -0.41342649 -0.90552538 -0.09540611 0.99069974
-0.01281973 -0.99990084 -0.00582715 0.34299771 -0.92630732 0.15590805 0.99365536
-0.01281973 -0.99990084 0.00582715 0.34299771 -0.92630732 -0.15590805 0.99365536
0.02785853 -0.99922360 0.02785853 0.31549929 -0.89494156 0.31549929 0.92522756
0.02785853 -0.99922360 -0.02785853 0.31549929 -0.89494156 -0.31549929 0.92522756
-0.00582715 -0.99990084 -0.01281973 0.15590805 -0.92630732 0.34299771 0.99365536
-0.00582715 -0.99990084 0.01281973 0.15590805 -0.92630732 -0.34299771 0.99365536
0.00582715 -0.99990084 -0.01281973 -0.15590805 -0.92630732 0.34299771 0.99365536
0.00582715 -0.99990084 0.01281973 -0.15590805 -0.92630732 -0.34299771 0.99365536
-0.02785853 -0.99922360 0.02785853 -0.31549929 -0.89494156 0.31549929 0.92522756
-0.02785853 -0.99922360 -0.02785853 -0.31549929 -0.89494156 -0.31549929 0.92522756
0.01281973 -0.99990084 -0.00582715 -0.34299771 -0.92630732 0.15590805 0.99365536
0.01281973 -0.99990084 0.00582715 -0.34299771 -0.92630732 -0.15590805 0.99365536
0.00039150 -0.99999992 0.00010677 0.35520274 -0.92975618 0.09687347 0.99202205
-0.01178033 -0.99993004 -0.00107094 0.34380668 -0.93852015 0.03125515 0.99421547
-0.01178033 -0.99993004 0.00107094 0.34380668 -0.93852015 -0.03125515 0.99421547
0.00039150 -0.99999992 -0.00010677 0.35520274 -0.92975618 -0.09687347 0.99202205
0.00032032 -0.99999992 0.00024914 0.29062042 -0.92975618 0.22603811 0.99202205
0.00032032 -0.99999992 -0.00024914 0.29062042 -0.92975618 -0.22603811 0.99202205
0.00024914 -0.99999992 0.00032032 0.22603811 -0.92975618 0.29062042 0.99202205
0.00024914 -0.99999992 -0.00032032 0.22603811 -0.92975618 -0.29062042 0.99202205
0.00010677 -0.99999992 0.00039150 0.09687347 -0.92975618 0.35520274 0.99202205
0.00010677 -0.99999992 -0.00039150 0.09687347 -0.92975618 -0.35520274 0.99202205
-0.00107094 -0.99993004 -0.01178033 0.03125515 -0.93852015 0.34380668 0.99421547
-0.00107094 -0.99993004 0.01178033 0.03125515 -0.93852015 -0.34380668 0.99421547
0.00107094 -0.99993004 -0.01178033 -0.03125515 -0.93852015 0.34380668 0.99421547
0.00107094 -0.99993004 0.01178033 -0.03125515 -0.93852015 -0.34380668 0.99421547
-0.00010677 -0.99999992 0.00039150 -0.09687347 -0.92975618 0.35520274 0.99202205
-0.00010677 -0.99999992 -0.00039150 -0.09687347 -0.92975618 -0.35520274 0.99202205
-0.00024914 -0.99999992 0.00032032 -0.22603811 -0.92975618 0.29062042 0.99202205
-0.00024914 -0.99999992 -0.00032032 -0.22603811 -0.92975618 -0.29062042 0.99202205
-0.00032032 -0.99999992 0.00024914 -0.29062042 -0.92975618 0.22603811 0.99202205
-0.00032032 -0.99999992 -0.00024914 -0.29062042 -0.92975618 -0.22603811 0.99202205
-0.00039150 -0.99999992 0.00010677 -0.35520274 -0.92975618 0.09687347 0.99202205
0.01178033 -0.99993004 -0.00107094 -0.34380668 -0.93852015 0.03125515 0.99421547
0.01178033 -0.99993004 0.00107094 -0.34380668 -0.93852015 -0.03125515 0.99421547
-0.00039150 -0.99999992 -0.00010677 -0.35520274 -0.92975618 -0.09687347 0.99202205
-0.00153757 -0.99999845 -0.00085420 0.28887184 -0.94382087 0.16048436 0.99366609
-0.00153757 -0.99999845 0.00085420 0.28887184 -0.94382087 -0.16048436 0.99366609
-0.00817852 -0.99993311 -0.00817852 0.21804105 -0.95127083 0.21804105 0.99474100
-0.00817852 -0.99993311 0.00817852 0.21804105 -0.95127083 -0.21804105 0.99474100
-0.00085420 -0.99999845 -0.00153757 0.16048436 -0.94382087 0.28887184 0.99366609
-0.00085420 -0.99999845 0.00153757 0.16048436 -0.94382087 -0.28887184 0.99366609
0.00085420 -0.99999845 -0.00153757 -0.16048436 -0.94382087 0.28887184 0.99366609
0.00085420 -0.99999845 0.00153757 -0.16048436 -0.94382087 -0.28887184 0.99366609
0.00817852 -0.99993311 -0.00817852 -0.21804105 -0.95127083 0.21804105 0.99474100
0.00817852 -0.99993311 0.00817852 -0.21804105 -0.95127083 -0.21804105 0.99474100
0.00153757 -0.99999845 -0.00085420 -0.28887184 -0.94382087 0.16048436 0.99366609
0.00153757 -0.99999845 0.00085420 -0.28887184 -0.94382087 -0.16048436 0.99366609
0.00928389 -0.99995212 0.00309463 0.29914715 -0.94898248 0.09971572 0.99139966
-0.00557728 -0.99998425 -0.00061970 0.28498398 -0.95800912 0.03166489 0.99474461
-0.00557728 -0.99998425 0.00061970 0.28498398 -0.95800912 -0.03166489 0.99474461
0.00928389 -0.99995212 -0.00309463 0.29914715 -0.94898248 -0.09971572 0.99139966
0.00309463 -0.99995212 0.00928389 0.09971572 -0.94898248 0.29914715 0.99139966
0.00309463 -0.99995212 -0.00928389 0.09971572 -0.94898248 -0.29914715 0.99139966
-0.00061970 -0.99998425 -0.00557728 0.03166489 -0.95800912 0.28498398 0.99474461
-0.00061970 -0.99998425 0.00557728 0.03166489 -0.95800912 -0.28498398 0.99474461
0.00061970 -0.99998425 -0.00557728 -0.03166489 -0.95800912 0.28498398 0.99474461
0.00061970 -0.99998425 0.00557728 -0.03166489 -0.95800912 -0.28498398 0.99474461
-0.00309463 -0.99995212 0.00928389 -0.09971572 -0.94898248 0.29914715 0.99139966
-0.00309463 -0.99995212 -0.00928389 -0.09971572 -0.94898248 -0.29914715 0.99139966
-0.00928389 -0.99995212 0.00309463 -0.29914715 -0.94898248 0.09971572 0.99139966
0.00557728 -0.99998425 -0.00061970 -0.28498398 -0.95800912 0.03166489 0.99474461
0.00557728 -0.99998425 0.00061970 -0.28498398 -0.95800912 -0.03166489 0.99474461
-0.00928389 -0.99995212 -0.00309463 -0.29914715 -0.94898248 -0.09971572 0.99139966
0.02569855 -0.99950119 0.01835611 0.25038312 -0.95148449 0.17884508 0.96417977
-0.00812641 -0.99996092 -0.00348275 0.21792026 -0.97148765 0.09339440 0.99517292
-0.00812641 -0.99996092 0.00348275 0.21792026 -0.97148765 -0.09339440 0.99517292
0.02569855 -0.99950119 -0.01835611 0.25038312 -0.95148449 -0.17884508 0.96417977
0.01835611 -0.99950119 0.02569855 0.17884508 -0.95148449 0.25038312 0.96417977
0.01835611 -0.99950119 -0.02569855 0.17884508 -0.95148449 -0.25038312 0.96417977
-0.00348275 -0.99996092 -0.00812641 0.09339440 -0.97148765 0.21792026 0.99517292
-0.00348275 -0.99996092 0.00812641 0.09339440 -0.97148765 -0.21792026 0.99517292
0.00348275 -0.99996092 -0.00812641 -0.09339440 -0.97148765 0.21792026 0.99517292
0.00348275 -0.99996092 0.00812641 -0.09339440 -0.97148765 -0.21792026 0.99517292
-0.01835611 -0.99950119 0.02569855 -0.17884508 -0.95148449 0.25038312 0.96417977
-0.01835611 -0.99950119 -0.02569855 -0.17884508 -0.95148449 -0.25038312 0.96417977
-0.02569855 -0.99950119 0.01835611 -0.25038312 -0.95148449 0.17884508 0.96417977
0.00812641 -0.99996092 -0.00348275 -0.21792026 -0.97148765 0.09339440 0.99517292
0.00812641 -0.99996092 0.00348275 -0.21792026 -0.97148765 -0.09339440 0.99517292
-0.02569855 -0.99950119 -0.01835611 -0.25038312 -0.95148449 -0.17884508 0.96417977
-0.00059420 -0.99999982 -0.00008489 0.22522788 -0.97377469 0.03217541 0.99502573
-0.00059420 -0.99999982 0.00008489 0.22522788 -0.97377469 -0.03217541 0.99502573
-0.00042443 -0.99999982 -0.00042443 0.16087706 -0.97377469 0.16087706 0.99502573
-0.00042443 -0.99999982 0.00042443 0.16087706 -0.97377469 -0.16087706 0.99502573
-0.00008489 -0.99999982 -0.00059420 0.03217541 -0.97377469 0.22522788 0.99502573
-0.00008489 -0.99999982 0.00059420 0.03217541 -0.97377469 -0.22522788 0.99502573
0.00008489 -0.99999982 -0.00059420 -0.03217541 -0.97377469 0.22522788 0.99502573
0.00008489 -0.99999982 0.00059420 -0.03217541 -0.97377469 -0.22522788 0.99502573
0.00042443 -0.99999982 -0.00042443 -0.16087706 -0.97377469 0.16087706 0.99502573
0.00042443 -0.99999982 0.00042443 -0.16087706 -0.97377469 -0.16087706 0.99502573
0.00059420 -0.99999982 -0.00008489 -0.22522788 -0.97377469 0.03217541 0.99502573
0.00059420 -0.99999982 0.00008489 -0.22522788 -0.97377469 -0.03217541 0.99502573
-0.00159252 -0.99999828 -0.00095551 0.15972595 -0.98249843 0.09583557 0.99523654
-0.00159252 -0.99999828 0.00095551 0.15972595 -0.98249843 -0.09583557 0.99523654
-0.00095551 -0.99999828 -0.00159252 0.09583557 -0.98249843 0.15972595 0.99523654
-0.00095551 -0.99999828 0.00159252 0.09583557 -0.98249843 -0.15972595 0.99523654
0.00095551 -0.99999828 -0.00159252 -0.09583557 -0.98249843 0.15972595 0.99523654
0.00095551 -0.99999828 0.00159252 -0.09583557 -0.98249843 -0.15972595 0.99523654
0.00159252 -0.99999828 -0.00095551 -0.15972595 -0.98249843 0.09583557 0.99523654
0.00159252 -0.99999828 0.00095551 -0.15972595 -0.98249843 -0.09583557 0.99523654
0.00295613 -0.99999546 0.00059123 0.16420546 -0.98587932 0.03284109 0.99516456
0.00295613 -0.99999546 -0.00059123 0.16420546 -0.98587932 -0.03284109 0.99516456
0.00059123 -0.99999546 0.00295613 0.03284109 -0.98587932 0.16420546 0.99516456
0.00059123 -0.99999546 -0.00295613 0.03284109 -0.98587932 -0.16420546 0.99516456
-0.00059123 -0.99999546 0.00295613 -0.03284109 -0.98587932 0.16420546 0.99516456
-0.00059123 -0.99999546 -0.00295613 -0.03284109 -0.98587932 -0.16420546 0.99516456
-0.00295613 -0.99999546 0.00059123 -0.16420546 -0.98587932 0.03284109 0.99516456
-0.00295613 -0.99999546 -0.00059123 -0.16420546 -0.98587932 -0.03284109 0.99516456
0.00575830 -0.99996684 0.00575830 0.10247510 -0.98944313 0.10247510 0.99478300
0.00575830 -0.99996684 -0.00575830 0.10247510 -0.98944313 -0.10247510 0.99478300
-0.00575830 -0.99996684 0.00575830 -0.10247510 -0.98944313 0.10247510 0.99478300
-0.00575830 -0.99996684 -0.00575830 -0.10247510 -0.98944313 -0.10247510 0.99478300
0.00588162 -0.99998078 0.00196054 0.10262327 -0.99413193 0.03420776 0.99512502
0.00588162 -0.99998078 -0.00196054 0.10262327 -0.99413193 -0.03420776 0.99512502
0.00196054 -0.99998078 0.00588162 0.03420776 -0.99413193 0.10262327 0.99512502
0.00196054 -0.99998078 -0.00588162 0.03420776 -0.99413193 -0.10262327 0.99512502
-0.00196054 -0.99998078 0.00588162 -0.03420776 -0.99413193 0.10262327 0.99512502
-0.00196054 -0.99998078 -0.00588162 -0.03420776 -0.99413193 -0.10262327 0.99512502
-0.00588162 -0.99998078 0.00196054 -0.10262327 -0.99413193 0.03420776 0.99512502
-0.00588162 -0.99998078 -0.00196054 -0.10262327 -0.99413193 -0.03420776 0.99512502
0.00036662 -0.99999987 0.00036662 0.03262430 -0.99893509 0.03262430 0.99533141
0.00036662 -0.99999987 -0.00036662 0.03262430 -0.99893509 -0.03262430 0.99533141
-0.00036662 -0.99999987 0.00036662 -0.03262430 -0.99893509 0.03262430 0.99533141
-0.00036662 -0.99999987 -0.00036662 -0.03262430 -0.99893509 -0.03262430 0.99533141
