# Theta (deg), Enclosed Intensity, Normalized Enclosed Intensity
0.00000000 0.00000000 0.00000000
0.10000000 0.00000000 0.00000000
0.20000000 0.00000000 0.00000000
0.30000000 0.00000000 0.00000000
0.40000000 9.47737080 0.01572829
0.50000000 9.47737080 0.01572829
0.60000000 9.47737080 0.01572829
0.70000000 9.47737080 0.01572829
0.80000000 9.49120096 0.01575124
0.90000000 9.49120096 0.01575124
1.00000000 17.43719808 0.02893812
1.10000000 17.43719808 0.02893812
1.20000000 17.43719808 0.02893812
1.30000000 29.35580520 0.04871779
1.40000000 36.34183168 0.06031154
1.50000000 48.25952788 0.08008969
1.60000000 48.25952788 0.08008969
1.70000000 60.97533140 0.10119236
1.80000000 60.97533140 0.10119236
1.90000000 60.97533140 0.10119236
2.00000000 60.97533140 0.10119236
2.10000000 98.61595156 0.16365932
2.20000000 110.10154820 0.18272038
2.30000000 111.24079124 0.18461103
2.40000000 111.24079124 0.18461103
2.50000000 122.83546228 0.20385311
2.60000000 130.75516156 0.21699634
2.70000000 162.61747092 0.26987383
2.80000000 166.58401480 0.27645656
2.90000000 174.50327904 0.28959907
3.00000000 174.50327904 0.28959907
3.10000000 182.23486840 0.30243012
3.20000000 213.89867792 0.35497819
3.30000000 229.72388008 0.38124110
3.40000000 253.27971232 0.42033347
3.50000000 253.27971232 0.42033347
3.60000000 253.27971232 0.42033347
3.70000000 253.27971232 0.42033347
3.80000000 268.98401960 0.44639575
3.90000000 268.98401960 0.44639575
4.00000000 268.98401960 0.44639575
4.10000000 276.34533608 0.45861231
4.20000000 284.39817472 0.47197650
4.30000000 293.37963864 0.48688180
4.40000000 313.78164112 0.52074019
4.50000000 313.78164112 0.52074019
4.60000000 313.78164112 0.52074019
4.70000000 321.30790976 0.53323051
4.80000000 333.46455616 0.55340522
4.90000000 341.10418696 0.56608366
5.00000000 378.44682928 0.62805610
5.10000000 380.16580448 0.63090885
5.20000000 387.51700480 0.64310863
5.30000000 387.51700480 0.64310863
5.40000000 387.51700480 0.64310863
5.50000000 414.08556504 0.68720081
5.60000000 421.56526384 0.69961383
5.70000000 421.56526384 0.69961383
5.80000000 428.69037968 0.71143841
5.90000000 459.31220172 0.76225723
6.00000000 459.31220172 0.76225723
6.10000000 466.91420724 0.77487323
6.20000000 466.91420724 0.77487323
6.30000000 482.45452564 0.80066336
6.40000000 482.45452564 0.80066336
6.50000000 482.45452564 0.80066336
6.60000000 482.45452564 0.80066336
6.70000000 482.45452564 0.80066336
6.80000000 493.46354332 0.81893351
6.90000000 500.10955596 0.82996298
7.00000000 500.10955596 0.82996298
7.10000000 500.10955596 0.82996298
7.20000000 507.05387404 0.84148751
7.30000000 512.55438204 0.85061595
7.40000000 512.55438204 0.85061595
7.50000000 512.55438204 0.85061595
7.60000000 512.55438204 0.85061595
7.70000000 525.33549828 0.87182701
7.80000000 525.33549828 0.87182701
7.90000000 525.33549828 0.87182701
8.00000000 532.31254388 0.88340585
8.10000000 532.31254388 0.88340585
8.20000000 532.31254388 0.88340585
8.30000000 532.61206180 0.88390292
8.40000000 532.61206180 0.88390292
8.50000000 532.61206180 0.88390292
8.60000000 538.44181620 0.89357776
8.70000000 538.44181620 0.89357776
8.80000000 538.44181620 0.89357776
8.90000000 551.33333364 0.91497204
9.00000000 554.92876684 0.92093888
9.10000000 554.92876684 0.92093888
9.20000000 554.92876684 0.92093888
9.30000000 554.92876684 0.92093888
9.40000000 554.92876684 0.92093888
9.50000000 554.92876684 0.92093888
9.60000000 555.08592092 0.92119969
9.70000000 555.08592092 0.92119969
9.80000000 555.08592092 0.92119969
9.90000000 555.08592092 0.92119969
10.00000000 560.93356852 0.93090422
10.10000000 560.93356852 0.93090422
10.20000000 565.84070140 0.93904792
10.30000000 565.84070140 0.93904792
10.40000000 565.84070140 0.93904792
10.50000000 565.84070140 0.93904792
10.60000000 565.84070140 0.93904792
10.70000000 565.84070140 0.93904792
10.80000000 565.84070140 0.93904792
10.90000000 565.84070140 0.93904792
11.00000000 565.84070140 0.93904792
11.10000000 565.84070140 0.93904792
11.20000000 565.84364252 0.93905280
11.30000000 565.85064828 0.93906442
11.40000000 565.85064828 0.93906442
11.50000000 569.83346660 0.94567416
11.60000000 569.83346660 0.94567416
11.70000000 573.26501292 0.95136902
11.80000000 573.26501292 0.95136902
11.90000000 573.26501292 0.95136902
12.00000000 573.26501292 0.95136902
12.10000000 573.26501292 0.95136902
12.20000000 573.26501292 0.95136902
12.30000000 573.29374300 0.95141670
12.40000000 573.29374300 0.95141670
12.50000000 573.29374300 0.95141670
12.60000000 573.29374300 0.95141670
12.70000000 573.29374300 0.95141670
12.80000000 573.29374300 0.95141670
12.90000000 582.48436708 0.96666912
13.00000000 582.48436708 0.96666912
13.10000000 582.48436708 0.96666912
13.20000000 582.48436708 0.96666912
13.30000000 582.48436708 0.96666912
13.40000000 582.48436708 0.96666912
13.50000000 582.48436708 0.96666912
13.60000000 582.48436708 0.96666912
13.70000000 582.48436708 0.96666912
13.80000000 582.48436708 0.96666912
13.90000000 582.48436708 0.96666912
14.00000000 582.48436708 0.96666912
14.10000000 582.58275596 0.96683240
14.20000000 582.66807172 0.96697399
14.30000000 582.66807172 0.96697399
14.40000000 582.69054052 0.96701127
14.50000000 582.69054052 0.96701127
14.60000000 582.69054052 0.96701127
14.70000000 582.69567964 0.96701980
14.80000000 582.69567964 0.96701980
14.90000000 582.69567964 0.96701980
15.00000000 582.69567964 0.96701980
15.10000000 582.69567964 0.96701980
15.20000000 582.69567964 0.96701980
15.30000000 582.69567964 0.96701980
15.40000000 582.69567964 0.96701980
15.50000000 582.69567964 0.96701980
15.60000000 582.69567964 0.96701980
15.70000000 582.69567964 0.96701980
15.80000000 582.69567964 0.96701980
15.90000000 582.69567964 0.96701980
16.00000000 582.69567964 0.96701980
16.10000000 582.69567964 0.96701980
16.20000000 582.69567964 0.96701980
16.30000000 582.71397564 0.96705017
16.40000000 582.71397564 0.96705017
16.50000000 582.71397564 0.96705017
16.60000000 582.71397564 0.96705017
16.70000000 582.71397564 0.96705017
16.80000000 582.71397564 0.96705017
16.90000000 582.71397564 0.96705017
17.00000000 582.71844076 0.96705758
17.10000000 582.73942932 0.96709241
17.20000000 582.74222916 0.96709706
17.30000000 582.74222916 0.96709706
17.40000000 582.74222916 0.96709706
17.50000000 582.74222916 0.96709706
17.60000000 582.74222916 0.96709706
17.70000000 582.74222916 0.96709706
17.80000000 582.74222916 0.96709706
17.90000000 582.74858132 0.96710760
18.00000000 582.74858132 0.96710760
18.10000000 582.74858132 0.96710760
18.20000000 582.97996652 0.96749160
18.30000000 582.97996652 0.96749160
18.40000000 582.97996652 0.96749160
18.50000000 582.97996652 0.96749160
18.60000000 582.97996652 0.96749160
18.70000000 582.97996652 0.96749160
18.80000000 582.97996652 0.96749160
18.90000000 582.97996652 0.96749160
19.00000000 582.97996652 0.96749160
19.10000000 582.98182612 0.96749468
19.20000000 582.98182612 0.96749468
19.30000000 582.98182612 0.96749468
19.40000000 582.98182612 0.96749468
19.50000000 582.98182612 0.96749468
19.60000000 583.21996292 0.96788988
19.70000000 583.21996292 0.96788988
19.80000000 583.21996292 0.96788988
19.90000000 583.21996292 0.96788988
20.00000000 583.21996292 0.96788988
20.10000000 583.21996292 0.96788988
20.20000000 583.21996292 0.96788988
20.30000000 583.22476988 0.96789786
20.40000000 583.22476988 0.96789786
20.50000000 583.22476988 0.96789786
20.60000000 583.22476988 0.96789786
20.70000000 583.22476988 0.96789786
20.80000000 583.22476988 0.96789786
20.90000000 583.22476988 0.96789786
21.00000000 583.22476988 0.96789786
21.10000000 583.24423172 0.96793016
21.20000000 583.24423172 0.96793016
21.30000000 583.24423172 0.96793016
21.40000000 583.24423172 0.96793016
21.50000000 583.24423172 0.96793016
21.60000000 583.24423172 0.96793016
21.70000000 583.24423172 0.96793016
21.80000000 583.24423172 0.96793016
21.90000000 583.24895604 0.96793800
22.00000000 583.24895604 0.96793800
22.10000000 583.24895604 0.96793800
22.20000000 583.24895604 0.96793800
22.30000000 583.27625108 0.96798330
22.40000000 583.27625108 0.96798330
22.50000000 583.27728564 0.96798501
22.60000000 583.27728564 0.96798501
22.70000000 583.28891316 0.96800431
22.80000000 583.28891316 0.96800431
22.90000000 583.28891316 0.96800431
23.00000000 583.28891316 0.96800431
23.10000000 583.29065700 0.96800721
23.20000000 583.29065700 0.96800721
23.30000000 583.29065700 0.96800721
23.40000000 583.29065700 0.96800721
23.50000000 583.29065700 0.96800721
23.60000000 583.29065700 0.96800721
23.70000000 583.29065700 0.96800721
23.80000000 583.29065700 0.96800721
23.90000000 583.29065700 0.96800721
24.00000000 583.29065700 0.96800721
24.10000000 583.30727068 0.96803478
24.20000000 583.30727068 0.96803478
24.30000000 583.30727068 0.96803478
24.40000000 583.30727068 0.96803478
24.50000000 583.31793044 0.96805247
24.60000000 583.32911228 0.96807102
24.70000000 583.32911228 0.96807102
24.80000000 583.36783164 0.96813528
24.90000000 583.36783164 0.96813528
25.00000000 583.36783164 0.96813528
25.10000000 583.36783164 0.96813528
25.20000000 583.36783164 0.96813528
25.30000000 583.36783164 0.96813528
25.40000000 583.36783164 0.96813528
25.50000000 583.45039972 0.96827231
25.60000000 583.45039972 0.96827231
25.70000000 583.45039972 0.96827231
25.80000000 583.45039972 0.96827231
25.90000000 583.45039972 0.96827231
26.00000000 583.45039972 0.96827231
26.10000000 583.45039972 0.96827231
26.20000000 583.45039972 0.96827231
26.30000000 583.45219020 0.96827528
26.40000000 583.45219020 0.96827528
26.50000000 583.45219020 0.96827528
26.60000000 583.45219020 0.96827528
26.70000000 583.45219020 0.96827528
26.80000000 583.45219020 0.96827528
26.90000000 583.45219020 0.96827528
27.00000000 583.45219020 0.96827528
27.10000000 583.45219020 0.96827528
27.20000000 583.45219020 0.96827528
27.30000000 583.55504596 0.96844598
27.40000000 583.55614996 0.96844781
27.50000000 583.56291828 0.96845904
27.60000000 583.56291828 0.96845904
27.70000000 583.58888540 0.96850213
27.80000000 583.58888540 0.96850213
27.90000000 583.58888540 0.96850213
28.00000000 583.58888540 0.96850213
28.10000000 583.58888540 0.96850213
28.20000000 583.58888540 0.96850213
28.30000000 583.58888540 0.96850213
28.40000000 583.60520292 0.96852921
28.50000000 583.60520292 0.96852921
28.60000000 583.60520292 0.96852921
28.70000000 583.63854660 0.96858455
28.80000000 583.63854660 0.96858455
28.90000000 583.63854660 0.96858455
29.00000000 583.63854660 0.96858455
29.10000000 583.63854660 0.96858455
29.20000000 583.65551932 0.96861272
29.30000000 583.65551932 0.96861272
29.40000000 583.65551932 0.96861272
29.50000000 583.66189220 0.96862329
29.60000000 583.67526172 0.96864548
29.70000000 583.67526172 0.96864548
29.80000000 583.76157692 0.96878873
29.90000000 583.76157692 0.96878873
30.00000000 583.76157692 0.96878873
30.10000000 583.76157692 0.96878873
30.20000000 583.78565340 0.96882868
30.30000000 583.79028356 0.96883637
30.40000000 583.79028356 0.96883637
30.50000000 583.79028356 0.96883637
30.60000000 583.79028356 0.96883637
30.70000000 583.79028356 0.96883637
30.80000000 583.80783604 0.96886550
30.90000000 583.94201980 0.96908818
31.00000000 583.94821020 0.96909846
31.10000000 583.98870820 0.96916566
31.20000000 583.98870820 0.96916566
31.30000000 583.99149340 0.96917029
31.40000000 583.99554260 0.96917701
31.50000000 583.99554260 0.96917701
31.60000000 584.00589220 0.96919418
31.70000000 584.23725788 0.96957815
31.80000000 584.27705484 0.96964419
31.90000000 584.28306196 0.96965416
32.00000000 584.28739684 0.96966136
32.10000000 584.28739684 0.96966136
32.20000000 584.28739684 0.96966136
32.30000000 584.28739684 0.96966136
32.40000000 584.33869028 0.96974648
32.50000000 584.33869028 0.96974648
32.60000000 584.33869028 0.96974648
32.70000000 584.34033052 0.96974920
32.80000000 584.34033052 0.96974920
32.90000000 584.34033052 0.96974920
33.00000000 584.34131796 0.96975084
33.10000000 584.34131796 0.96975084
33.20000000 584.42205372 0.96988483
33.30000000 584.42205372 0.96988483
33.40000000 584.42205372 0.96988483
33.50000000 584.42205372 0.96988483
33.60000000 584.42205372 0.96988483
33.70000000 584.42205372 0.96988483
33.80000000 584.42205372 0.96988483
33.90000000 584.42205372 0.96988483
34.00000000 584.42205372 0.96988483
34.10000000 584.42205372 0.96988483
34.20000000 584.53643868 0.97007466
34.30000000 584.53643868 0.97007466
34.40000000 584.53643868 0.97007466
34.50000000 584.53643868 0.97007466
34.60000000 584.53643868 0.97007466
34.70000000 584.53643868 0.97007466
34.80000000 584.53643868 0.97007466
34.90000000 584.53643868 0.97007466
35.00000000 584.53643868 0.97007466
35.10000000 584.53643868 0.97007466
35.20000000 584.53643868 0.97007466
35.30000000 584.53643868 0.97007466
35.40000000 584.53643868 0.97007466
35.50000000 584.53643868 0.97007466
35.60000000 584.53643868 0.97007466
35.70000000 584.53643868 0.97007466
35.80000000 584.53643868 0.97007466
35.90000000 584.53643868 0.97007466
36.00000000 584.53643868 0.97007466
36.10000000 584.53643868 0.97007466
36.20000000 584.53643868 0.97007466
36.30000000 584.53643868 0.97007466
36.40000000 584.53643868 0.97007466
36.50000000 584.53643868 0.97007466
36.60000000 584.53643868 0.97007466
36.70000000 584.53643868 0.97007466
36.80000000 584.53643868 0.97007466
36.90000000 584.53643868 0.97007466
37.00000000 584.53643868 0.97007466
37.10000000 584.53643868 0.97007466
37.20000000 584.55605100 0.97010721
37.30000000 584.55605100 0.97010721
37.40000000 584.55605100 0.97010721
37.50000000 584.55605100 0.97010721
37.60000000 584.55605100 0.97010721
37.70000000 584.55605100 0.97010721
37.80000000 584.55605100 0.97010721
37.90000000 584.55605100 0.97010721
38.00000000 584.55605100 0.97010721
38.10000000 584.55605100 0.97010721
38.20000000 584.55605100 0.97010721
38.30000000 584.55759700 0.97010977
38.40000000 584.55759700 0.97010977
38.50000000 584.55759700 0.97010977
38.60000000 584.55759700 0.97010977
38.70000000 584.55759700 0.97010977
38.80000000 584.55759700 0.97010977
38.90000000 584.55759700 0.97010977
39.00000000 584.55759700 0.97010977
39.10000000 584.55759700 0.97010977
39.20000000 584.55759700 0.97010977
39.30000000 584.55759700 0.97010977
39.40000000 584.55759700 0.97010977
39.50000000 584.55759700 0.97010977
39.60000000 584.59585172 0.97017326
39.70000000 584.59585172 0.97017326
39.80000000 584.59971100 0.97017966
39.90000000 584.59971100 0.97017966
40.00000000 584.59971100 0.97017966
40.10000000 584.59971100 0.97017966
40.20000000 584.59971100 0.97017966
40.30000000 584.59971100 0.97017966
40.40000000 584.59971100 0.97017966
40.50000000 584.60179060 0.97018311
40.60000000 584.60179060 0.97018311
40.70000000 584.60179060 0.97018311
40.80000000 584.60179060 0.97018311
40.90000000 584.60179060 0.97018311
41.00000000 584.60179060 0.97018311
41.10000000 584.60179060 0.97018311
41.20000000 584.60179060 0.97018311
41.30000000 584.60179060 0.97018311
41.40000000 584.60357116 0.97018607
41.50000000 584.60357116 0.97018607
41.60000000 584.60357116 0.97018607
41.70000000 584.60357116 0.97018607
41.80000000 584.60357116 0.97018607
41.90000000 584.60698348 0.97019173
42.00000000 584.61404780 0.97020345
42.10000000 584.61404780 0.97020345
42.20000000 584.61404780 0.97020345
42.30000000 584.61404780 0.97020345
42.40000000 584.61404780 0.97020345
42.50000000 584.61404780 0.97020345
42.60000000 584.61404780 0.97020345
42.70000000 584.61404780 0.97020345
42.80000000 584.61404780 0.97020345
42.90000000 584.61404780 0.97020345
43.00000000 584.61404780 0.97020345
43.10000000 584.61639316 0.97020735
43.20000000 584.61639316 0.97020735
43.30000000 584.61639316 0.97020735
43.40000000 584.61639316 0.97020735
43.50000000 584.61726908 0.97020880
43.60000000 584.61726908 0.97020880
43.70000000 584.61726908 0.97020880
43.80000000 584.61726908 0.97020880
43.90000000 584.61726908 0.97020880
44.00000000 584.61726908 0.97020880
44.10000000 584.61726908 0.97020880
44.20000000 584.61726908 0.97020880
44.30000000 584.61846748 0.97021079
44.40000000 584.61846748 0.97021079
44.50000000 584.61846748 0.97021079
44.60000000 584.61846748 0.97021079
44.70000000 584.61846748 0.97021079
44.80000000 584.62030668 0.97021384
44.90000000 584.62303236 0.97021837
45.00000000 584.62303236 0.97021837
45.10000000 584.62303236 0.97021837
45.20000000 584.62303236 0.97021837
45.30000000 584.62303236 0.97021837
45.40000000 584.62303236 0.97021837
45.50000000 584.62303236 0.97021837
45.60000000 584.62303236 0.97021837
45.70000000 584.63222052 0.97023361
45.80000000 584.63222052 0.97023361
45.90000000 584.63222052 0.97023361
46.00000000 584.63848204 0.97024401
46.10000000 584.63848204 0.97024401
46.20000000 584.63848204 0.97024401
46.30000000 584.63848204 0.97024401
46.40000000 584.63848204 0.97024401
46.50000000 584.63848204 0.97024401
46.60000000 584.63848204 0.97024401
46.70000000 584.63848204 0.97024401
46.80000000 584.63848204 0.97024401
46.90000000 584.63848204 0.97024401
47.00000000 584.63848204 0.97024401
47.10000000 584.63848204 0.97024401
47.20000000 584.63848204 0.97024401
47.30000000 584.63848204 0.97024401
47.40000000 584.63848204 0.97024401
47.50000000 584.63848204 0.97024401
47.60000000 584.63848204 0.97024401
47.70000000 584.63848204 0.97024401
47.80000000 584.63848204 0.97024401
47.90000000 584.63941220 0.97024555
48.00000000 584.63941220 0.97024555
48.10000000 584.63941220 0.97024555
48.20000000 584.63941220 0.97024555
48.30000000 584.63941220 0.97024555
48.40000000 584.63941220 0.97024555
48.50000000 584.63941220 0.97024555
48.60000000 584.65744764 0.97027548
48.70000000 584.65744764 0.97027548
48.80000000 584.65744764 0.97027548
48.90000000 584.65744764 0.97027548
49.00000000 584.65744764 0.97027548
49.10000000 584.65744764 0.97027548
49.20000000 584.65744764 0.97027548
49.30000000 584.65744764 0.97027548
49.40000000 584.65744764 0.97027548
49.50000000 584.65744764 0.97027548
49.60000000 584.65744764 0.97027548
49.70000000 584.65744764 0.97027548
49.80000000 584.66683212 0.97029105
49.90000000 584.66683212 0.97029105
50.00000000 584.66683212 0.97029105
50.10000000 584.66683212 0.97029105
50.20000000 584.66683212 0.97029105
50.30000000 584.66683212 0.97029105
50.40000000 584.66683212 0.97029105
50.50000000 584.67346876 0.97030207
50.60000000 584.67346876 0.97030207
50.70000000 584.67346876 0.97030207
50.80000000 584.67346876 0.97030207
50.90000000 584.67346876 0.97030207
51.00000000 584.68033612 0.97031346
51.10000000 584.68033612 0.97031346
51.20000000 584.68033612 0.97031346
51.30000000 584.68033612 0.97031346
51.40000000 584.68033612 0.97031346
51.50000000 584.68033612 0.97031346
51.60000000 584.68033612 0.97031346
51.70000000 584.68033612 0.97031346
51.80000000 584.68033612 0.97031346
51.90000000 584.68033612 0.97031346
52.00000000 584.68033612 0.97031346
52.10000000 584.68033612 0.97031346
52.20000000 584.68033612 0.97031346
52.30000000 584.68033612 0.97031346
52.40000000 584.68131596 0.97031509
52.50000000 584.68131596 0.97031509
52.60000000 584.68131596 0.97031509
52.70000000 584.68131596 0.97031509
52.80000000 584.68131596 0.97031509
52.90000000 584.68131596 0.97031509
53.00000000 584.68131596 0.97031509
53.10000000 584.68131596 0.97031509
53.20000000 584.68131596 0.97031509
53.30000000 584.68131596 0.97031509
53.40000000 584.68131596 0.97031509
53.50000000 584.68131596 0.97031509
53.60000000 584.68131596 0.97031509
53.70000000 584.68131596 0.97031509
53.80000000 584.68131596 0.97031509
53.90000000 584.68131596 0.97031509
54.00000000 584.68131596 0.97031509
54.10000000 584.68131596 0.97031509
54.20000000 584.68131596 0.97031509
54.30000000 584.68131596 0.97031509
54.40000000 584.68131596 0.97031509
54.50000000 584.68565020 0.97032228
54.60000000 584.68953940 0.97032874
54.70000000 584.69096580 0.97033111
54.80000000 584.69096580 0.97033111
54.90000000 584.71239204 0.97036666
55.00000000 584.71239204 0.97036666
55.10000000 584.71239204 0.97036666
55.20000000 584.71319788 0.97036800
55.30000000 584.71319788 0.97036800
55.40000000 584.71319788 0.97036800
55.50000000 584.71854268 0.97037687
55.60000000 584.72191500 0.97038247
55.70000000 584.72191500 0.97038247
55.80000000 584.72191500 0.97038247
55.90000000 584.72191500 0.97038247
56.00000000 584.72191500 0.97038247
56.10000000 584.72191500 0.97038247
56.20000000 584.72191500 0.97038247
56.30000000 584.72191500 0.97038247
56.40000000 584.72191500 0.97038247
56.50000000 584.72191500 0.97038247
56.60000000 584.72191500 0.97038247
56.70000000 584.72191500 0.97038247
56.80000000 584.72191500 0.97038247
56.90000000 584.72191500 0.97038247
57.00000000 584.72191500 0.97038247
57.10000000 584.72191500 0.97038247
57.20000000 584.72191500 0.97038247
57.30000000 584.72191500 0.97038247
57.40000000 584.72191500 0.97038247
57.50000000 584.72191500 0.97038247
57.60000000 584.72191500 0.97038247
57.70000000 584.72191500 0.97038247
57.80000000 584.72191500 0.97038247
57.90000000 584.72191500 0.97038247
58.00000000 584.72191500 0.97038247
58.10000000 584.72191500 0.97038247
58.20000000 584.72191500 0.97038247
58.30000000 584.72191500 0.97038247
58.40000000 584.72292492 0.97038414
58.50000000 584.72292492 0.97038414
58.60000000 584.72292492 0.97038414
58.70000000 584.72292492 0.97038414
58.80000000 584.72292492 0.97038414
58.90000000 584.72292492 0.97038414
59.00000000 584.72292492 0.97038414
59.10000000 584.72292492 0.97038414
59.20000000 584.72292492 0.97038414
59.30000000 584.72292492 0.97038414
59.40000000 584.72292492 0.97038414
59.50000000 584.72292492 0.97038414
59.60000000 584.72292492 0.97038414
59.70000000 584.72292492 0.97038414
59.80000000 584.72613324 0.97038947
59.90000000 584.72613324 0.97038947
60.00000000 584.72613324 0.97038947
60.10000000 584.72613324 0.97038947
60.20000000 584.72613324 0.97038947
60.30000000 584.72613324 0.97038947
60.40000000 584.72613324 0.97038947
60.50000000 584.72613324 0.97038947
60.60000000 584.72613324 0.97038947
60.70000000 584.72613324 0.97038947
60.80000000 584.72613324 0.97038947
60.90000000 584.72613324 0.97038947
61.00000000 584.72613324 0.97038947
61.10000000 584.72613324 0.97038947
61.20000000 584.72613324 0.97038947
61.30000000 584.72613324 0.97038947
61.40000000 584.72613324 0.97038947
61.50000000 584.72613324 0.97038947
61.60000000 584.72613324 0.97038947
61.70000000 584.72613324 0.97038947
61.80000000 584.72613324 0.97038947
61.90000000 584.72613324 0.97038947
62.00000000 584.72613324 0.97038947
62.10000000 584.72613324 0.97038947
62.20000000 584.72613324 0.97038947
62.30000000 584.72613324 0.97038947
62.40000000 584.72613324 0.97038947
62.50000000 584.72613324 0.97038947
62.60000000 584.73026292 0.97039632
62.70000000 584.73026292 0.97039632
62.80000000 584.73026292 0.97039632
62.90000000 584.73026292 0.97039632
63.00000000 584.73026292 0.97039632
63.10000000 584.73026292 0.97039632
63.20000000 584.73026292 0.97039632
63.30000000 584.73026292 0.97039632
63.40000000 584.74737148 0.97042471
63.50000000 584.74737148 0.97042471
63.60000000 584.74737148 0.97042471
63.70000000 584.77702044 0.97047392
63.80000000 584.77702044 0.97047392
63.90000000 584.77702044 0.97047392
64.00000000 584.77702044 0.97047392
64.10000000 584.77702044 0.97047392
64.20000000 584.77702044 0.97047392
64.30000000 584.77702044 0.97047392
64.40000000 584.77702044 0.97047392
64.50000000 584.77702044 0.97047392
64.60000000 584.77702044 0.97047392
64.70000000 584.77702044 0.97047392
64.80000000 584.77702044 0.97047392
64.90000000 584.77702044 0.97047392
65.00000000 584.77702044 0.97047392
65.10000000 584.77702044 0.97047392
65.20000000 584.77702044 0.97047392
65.30000000 584.77702044 0.97047392
65.40000000 584.77702044 0.97047392
65.50000000 584.77702044 0.97047392
65.60000000 584.77794788 0.97047546
65.70000000 584.77794788 0.97047546
65.80000000 584.77794788 0.97047546
65.90000000 584.77794788 0.97047546
66.00000000 584.77794788 0.97047546
66.10000000 584.77794788 0.97047546
66.20000000 584.77794788 0.97047546
66.30000000 584.77794788 0.97047546
66.40000000 584.77794788 0.97047546
66.50000000 584.77794788 0.97047546
66.60000000 584.77794788 0.97047546
66.70000000 584.77794788 0.97047546
66.80000000 584.77794788 0.97047546
66.90000000 584.77794788 0.97047546
67.00000000 584.77794788 0.97047546
67.10000000 584.77794788 0.97047546
67.20000000 584.77794788 0.97047546
67.30000000 584.78048868 0.97047967
67.40000000 584.78048868 0.97047967
67.50000000 584.78109024 0.97048067
67.60000000 584.78109024 0.97048067
67.70000000 584.78109024 0.97048067
67.80000000 584.78109024 0.97048067
67.90000000 584.78109024 0.97048067
68.00000000 584.78109024 0.97048067
68.10000000 584.78109024 0.97048067
68.20000000 584.80188272 0.97051518
68.30000000 584.80369000 0.97051818
68.40000000 584.80369000 0.97051818
68.50000000 584.80369000 0.97051818
68.60000000 584.80369000 0.97051818
68.70000000 584.80369000 0.97051818
68.80000000 584.80369000 0.97051818
68.90000000 584.80369000 0.97051818
69.00000000 584.80369000 0.97051818
69.10000000 584.80369000 0.97051818
69.20000000 584.80369000 0.97051818
69.30000000 584.80369000 0.97051818
69.40000000 584.80369000 0.97051818
69.50000000 584.80369000 0.97051818
69.60000000 584.80369000 0.97051818
69.70000000 584.80369000 0.97051818
69.80000000 584.80369000 0.97051818
69.90000000 584.80369000 0.97051818
70.00000000 584.80369000 0.97051818
70.10000000 584.80369000 0.97051818
70.20000000 584.80369000 0.97051818
70.30000000 584.80369000 0.97051818
70.40000000 584.80369000 0.97051818
70.50000000 584.80369000 0.97051818
70.60000000 584.80369000 0.97051818
70.70000000 584.80369000 0.97051818
70.80000000 584.80369000 0.97051818
70.90000000 584.80369000 0.97051818
71.00000000 584.80369000 0.97051818
71.10000000 584.80369000 0.97051818
71.20000000 584.80369000 0.97051818
71.30000000 584.80369000 0.97051818
71.40000000 584.80369000 0.97051818
71.50000000 584.80369000 0.97051818
71.60000000 584.80369000 0.97051818
71.70000000 584.80369000 0.97051818
71.80000000 584.80369000 0.97051818
71.90000000 584.80369000 0.97051818
72.00000000 584.80369000 0.97051818
72.10000000 584.80687352 0.97052346
72.20000000 584.80687352 0.97052346
72.30000000 584.80687352 0.97052346
72.40000000 584.80687352 0.97052346
72.50000000 584.80687352 0.97052346
72.60000000 584.80687352 0.97052346
72.70000000 584.80687352 0.97052346
72.80000000 584.80687352 0.97052346
72.90000000 584.80687352 0.97052346
73.00000000 584.81030984 0.97052916
73.10000000 584.81030984 0.97052916
73.20000000 584.81030984 0.97052916
73.30000000 584.81030984 0.97052916
73.40000000 584.81030984 0.97052916
73.50000000 584.81030984 0.97052916
73.60000000 584.81030984 0.97052916
73.70000000 584.81030984 0.97052916
73.80000000 584.81030984 0.97052916
73.90000000 584.81030984 0.97052916
74.00000000 584.81030984 0.97052916
74.10000000 584.81030984 0.97052916
74.20000000 584.81030984 0.97052916
74.30000000 584.81030984 0.97052916
74.40000000 584.81030984 0.97052916
74.50000000 584.81030984 0.97052916
74.60000000 584.81030984 0.97052916
74.70000000 584.81030984 0.97052916
74.80000000 584.81030984 0.97052916
74.90000000 584.81030984 0.97052916
75.00000000 584.81030984 0.97052916
75.10000000 584.81030984 0.97052916
75.20000000 584.81030984 0.97052916
75.30000000 584.81030984 0.97052916
75.40000000 584.81030984 0.97052916
75.50000000 584.81111072 0.97053049
75.60000000 584.81111072 0.97053049
75.70000000 584.81111072 0.97053049
75.80000000 584.81111072 0.97053049
75.90000000 584.81111072 0.97053049
76.00000000 584.81111072 0.97053049
76.10000000 584.81111072 0.97053049
76.20000000 584.81111072 0.97053049
76.30000000 584.81111072 0.97053049
76.40000000 584.81111072 0.97053049
76.50000000 584.81111072 0.97053049
76.60000000 584.81111072 0.97053049
76.70000000 584.81111072 0.97053049
76.80000000 584.81111072 0.97053049
76.90000000 584.81111072 0.97053049
77.00000000 584.81111072 0.97053049
77.10000000 584.83900640 0.97057679
77.20000000 584.83900640 0.97057679
77.30000000 584.83900640 0.97057679
77.40000000 584.83900640 0.97057679
77.50000000 584.83900640 0.97057679
77.60000000 584.83900640 0.97057679
77.70000000 592.83294976 0.98384324
77.80000000 592.83294976 0.98384324
77.90000000 592.83294976 0.98384324
78.00000000 592.83557072 0.98384758
78.10000000 592.83557072 0.98384758
78.20000000 592.83557072 0.98384758
78.30000000 592.83557072 0.98384758
78.40000000 592.83557072 0.98384758
78.50000000 592.83557072 0.98384758
78.60000000 592.83557072 0.98384758
78.70000000 592.83557072 0.98384758
78.80000000 592.83557072 0.98384758
78.90000000 592.83557072 0.98384758
79.00000000 592.83621320 0.98384865
79.10000000 592.83621320 0.98384865
79.20000000 592.83621320 0.98384865
79.30000000 592.83621320 0.98384865
79.40000000 592.83621320 0.98384865
79.50000000 592.83621320 0.98384865
79.60000000 592.83621320 0.98384865
79.70000000 592.83621320 0.98384865
79.80000000 592.83621320 0.98384865
79.90000000 592.83621320 0.98384865
80.00000000 592.83621320 0.98384865
80.10000000 592.83621320 0.98384865
80.20000000 592.83621320 0.98384865
80.30000000 592.83621320 0.98384865
80.40000000 592.83621320 0.98384865
80.50000000 592.83621320 0.98384865
80.60000000 592.83621320 0.98384865
80.70000000 592.86732088 0.98390028
80.80000000 592.86732088 0.98390028
80.90000000 592.86732088 0.98390028
81.00000000 592.86732088 0.98390028
81.10000000 592.86732088 0.98390028
81.20000000 592.86732088 0.98390028
81.30000000 592.86732088 0.98390028
81.40000000 592.86732088 0.98390028
81.50000000 592.86732088 0.98390028
81.60000000 594.71063264 0.98695937
81.70000000 594.71063264 0.98695937
81.80000000 594.71333144 0.98696385
81.90000000 594.71333144 0.98696385
82.00000000 594.71333144 0.98696385
82.10000000 594.71333144 0.98696385
82.20000000 594.71333144 0.98696385
82.30000000 594.71333144 0.98696385
82.40000000 594.71333144 0.98696385
82.50000000 594.71333144 0.98696385
82.60000000 594.71333144 0.98696385
82.70000000 594.71698760 0.98696991
82.80000000 594.71698760 0.98696991
82.90000000 594.71698760 0.98696991
83.00000000 594.71698760 0.98696991
83.10000000 594.71698760 0.98696991
83.20000000 594.71698760 0.98696991
83.30000000 594.71698760 0.98696991
83.40000000 594.71698760 0.98696991
83.50000000 594.71698760 0.98696991
83.60000000 602.56408316 0.99999266
83.70000000 602.56408316 0.99999266
83.80000000 602.56408316 0.99999266
83.90000000 602.56408316 0.99999266
84.00000000 602.56408316 0.99999266
84.10000000 602.56408316 0.99999266
84.20000000 602.56408316 0.99999266
84.30000000 602.56408316 0.99999266
84.40000000 602.56408316 0.99999266
84.50000000 602.56408316 0.99999266
84.60000000 602.56494644 0.99999409
84.70000000 602.56494644 0.99999409
84.80000000 602.56494644 0.99999409
84.90000000 602.56494644 0.99999409
85.00000000 602.56494644 0.99999409
85.10000000 602.56494644 0.99999409
85.20000000 602.56494644 0.99999409
85.30000000 602.56494644 0.99999409
85.40000000 602.56494644 0.99999409
85.50000000 602.56494644 0.99999409
85.60000000 602.56494644 0.99999409
85.70000000 602.56494644 0.99999409
85.80000000 602.56494644 0.99999409
85.90000000 602.56494644 0.99999409
86.00000000 602.56494644 0.99999409
86.10000000 602.56494644 0.99999409
86.20000000 602.56494644 0.99999409
86.30000000 602.56494644 0.99999409
86.40000000 602.56494644 0.99999409
86.50000000 602.56494644 0.99999409
86.60000000 602.56494644 0.99999409
86.70000000 602.56494644 0.99999409
86.80000000 602.56494644 0.99999409
86.90000000 602.56494644 0.99999409
87.00000000 602.56494644 0.99999409
87.10000000 602.56494644 0.99999409
87.20000000 602.56494644 0.99999409
87.30000000 602.56494644 0.99999409
87.40000000 602.56494644 0.99999409
87.50000000 602.56494644 0.99999409
87.60000000 602.56494644 0.99999409
87.70000000 602.56494644 0.99999409
87.80000000 602.56494644 0.99999409
87.90000000 602.56494644 0.99999409
88.00000000 602.56494644 0.99999409
88.10000000 602.56494644 0.99999409
88.20000000 602.56850748 1.00000000
88.30000000 602.56850748 1.00000000
88.40000000 602.56850748 1.00000000
88.50000000 602.56850748 1.00000000
88.60000000 602.56850748 1.00000000
88.70000000 602.56850748 1.00000000
88.80000000 602.56850748 1.00000000
88.90000000 602.56850748 1.00000000
89.00000000 602.56850748 1.00000000
89.10000000 602.56850748 1.00000000
89.20000000 602.56850748 1.00000000
89.30000000 602.56850748 1.00000000
89.40000000 602.56850748 1.00000000
89.50000000 602.56850748 1.00000000
89.60000000 602.56850748 1.00000000
89.70000000 602.56850748 1.00000000
89.80000000 602.56850748 1.00000000
89.90000000 602.56850748 1.00000000
90.00000000 602.56850748 1.00000000
