# Theta (deg), Enclosed Intensity, Normalized Enclosed Intensity
0.00000000 0.00000000 0.00000000
0.10000000 8.98090072 0.01489249
0.20000000 8.98090072 0.01489249
0.30000000 24.78856216 0.04110540
0.40000000 24.78856216 0.04110540
0.50000000 24.78856216 0.04110540
0.60000000 24.78856216 0.04110540
0.70000000 40.71861176 0.06752126
0.80000000 48.68717584 0.08073505
0.90000000 57.60300304 0.09551964
1.00000000 65.28297280 0.10825488
1.10000000 71.76948880 0.11901108
1.20000000 79.72788648 0.13220802
1.30000000 94.45534504 0.15662969
1.40000000 108.11430928 0.17927954
1.50000000 108.20998840 0.17943820
1.60000000 116.15748912 0.19261707
1.70000000 136.03534756 0.22557934
1.80000000 136.03818172 0.22558404
1.90000000 136.04521540 0.22559571
2.00000000 151.88896292 0.25186845
2.10000000 167.69937892 0.27808593
2.20000000 167.71077940 0.27810483
2.30000000 167.71077940 0.27810483
2.40000000 167.71077940 0.27810483
2.50000000 175.63451092 0.29124429
2.60000000 182.89076596 0.30327690
2.70000000 182.89076596 0.30327690
2.80000000 186.86725556 0.30987088
2.90000000 186.86725556 0.30987088
3.00000000 186.86725556 0.30987088
3.10000000 186.86847348 0.30987290
3.20000000 215.85338100 0.35793685
3.30000000 215.85338100 0.35793685
3.40000000 222.47172740 0.36891166
3.50000000 230.27087924 0.38184453
3.60000000 235.88019732 0.39114613
3.70000000 235.88019732 0.39114613
3.80000000 238.76152372 0.39592407
3.90000000 250.49046080 0.41537347
4.00000000 250.49046080 0.41537347
4.10000000 250.49046080 0.41537347
4.20000000 258.40235872 0.42849330
4.30000000 258.40235872 0.42849330
4.40000000 258.40235872 0.42849330
4.50000000 274.23771352 0.45475213
4.60000000 285.40559968 0.47327117
4.70000000 285.40559968 0.47327117
4.80000000 285.40559968 0.47327117
4.90000000 285.40559968 0.47327117
5.00000000 304.16551448 0.50437962
5.10000000 304.16551448 0.50437962
5.20000000 327.56007608 0.54317344
5.30000000 330.57953848 0.54818043
5.40000000 330.57953848 0.54818043
5.50000000 346.28339448 0.57422120
5.60000000 346.28339448 0.57422120
5.70000000 353.77184232 0.58663885
5.80000000 357.94707208 0.59356239
5.90000000 357.94707208 0.59356239
6.00000000 357.94707208 0.59356239
6.10000000 373.37650184 0.61914810
6.20000000 373.37650184 0.61914810
6.30000000 381.33150872 0.63233941
6.40000000 389.26816144 0.64550029
6.50000000 389.26816144 0.64550029
6.60000000 389.26816144 0.64550029
6.70000000 389.26816144 0.64550029
6.80000000 389.26816144 0.64550029
6.90000000 403.04478072 0.66834524
7.00000000 410.94224464 0.68144114
7.10000000 410.94224464 0.68144114
7.20000000 410.94224464 0.68144114
7.30000000 410.94224464 0.68144114
7.40000000 410.94224464 0.68144114
7.50000000 410.94224464 0.68144114
7.60000000 410.94224464 0.68144114
7.70000000 410.96215416 0.68147415
7.80000000 410.96215416 0.68147415
7.90000000 418.09761408 0.69330646
8.00000000 418.09761408 0.69330646
8.10000000 425.88649592 0.70622230
8.20000000 425.88649592 0.70622230
8.30000000 425.88649592 0.70622230
8.40000000 425.88649592 0.70622230
8.50000000 425.88649592 0.70622230
8.60000000 425.91773232 0.70627410
8.70000000 425.92113408 0.70627974
8.80000000 425.92113408 0.70627974
8.90000000 425.92113408 0.70627974
9.00000000 425.92113408 0.70627974
9.10000000 425.92113408 0.70627974
9.20000000 425.92113408 0.70627974
9.30000000 425.92113408 0.70627974
9.40000000 433.57627648 0.71897381
9.50000000 444.77735416 0.73754789
9.60000000 444.77735416 0.73754789
9.70000000 444.78602080 0.73756226
9.80000000 444.78602080 0.73756226
9.90000000 444.86262096 0.73768929
10.00000000 444.86262096 0.73768929
10.10000000 444.86262096 0.73768929
10.20000000 444.86262096 0.73768929
10.30000000 444.86548912 0.73769404
10.40000000 444.86548912 0.73769404
10.50000000 444.86548912 0.73769404
10.60000000 444.86548912 0.73769404
10.70000000 465.94231384 0.77264449
10.80000000 465.94231384 0.77264449
10.90000000 480.77299960 0.79723734
11.00000000 483.60545584 0.80193423
11.10000000 483.60545584 0.80193423
11.20000000 483.61565136 0.80195114
11.30000000 483.61565136 0.80195114
11.40000000 483.61565136 0.80195114
11.50000000 483.61565136 0.80195114
11.60000000 483.61565136 0.80195114
11.70000000 493.28031184 0.81797747
11.80000000 493.44184128 0.81824532
11.90000000 493.44868320 0.81825667
12.00000000 493.44868320 0.81825667
12.10000000 493.46843640 0.81828943
12.20000000 493.46843640 0.81828943
12.30000000 493.46843640 0.81828943
12.40000000 493.46843640 0.81828943
12.50000000 493.47185736 0.81829510
12.60000000 493.47185736 0.81829510
12.70000000 493.47185736 0.81829510
12.80000000 493.47185736 0.81829510
12.90000000 493.75983512 0.81877263
13.00000000 493.75983512 0.81877263
13.10000000 493.75983512 0.81877263
13.20000000 493.75983512 0.81877263
13.30000000 493.87713336 0.81896714
13.40000000 493.87713336 0.81896714
13.50000000 493.87713336 0.81896714
13.60000000 494.17294216 0.81945767
13.70000000 494.17294216 0.81945767
13.80000000 501.40362668 0.83144788
13.90000000 501.40362668 0.83144788
14.00000000 501.40362668 0.83144788
14.10000000 501.41755316 0.83147097
14.20000000 501.54478780 0.83168196
14.30000000 501.54478780 0.83168196
14.40000000 501.56202076 0.83171054
14.50000000 501.57006268 0.83172387
14.60000000 501.57006268 0.83172387
14.70000000 501.57006268 0.83172387
14.80000000 507.75487324 0.84197978
14.90000000 507.79942656 0.84205366
15.00000000 507.79942656 0.84205366
15.10000000 507.79942656 0.84205366
15.20000000 507.80644632 0.84206530
15.30000000 507.80644632 0.84206530
15.40000000 518.43526104 0.85969043
15.50000000 518.43526104 0.85969043
15.60000000 519.37349480 0.86124625
15.70000000 524.75091416 0.87016330
15.80000000 524.92473744 0.87045154
15.90000000 525.23031928 0.87095827
16.00000000 525.23031928 0.87095827
16.10000000 525.23567432 0.87096715
16.20000000 525.23910824 0.87097285
16.30000000 525.24011096 0.87097451
16.40000000 525.24011096 0.87097451
16.50000000 525.24011096 0.87097451
16.60000000 525.24011096 0.87097451
16.70000000 525.24011096 0.87097451
16.80000000 525.24011096 0.87097451
16.90000000 531.99775864 0.88218031
17.00000000 532.00093448 0.88218558
17.10000000 532.00093448 0.88218558
17.20000000 532.00093448 0.88218558
17.30000000 532.00093448 0.88218558
17.40000000 532.00093448 0.88218558
17.50000000 532.00093448 0.88218558
17.60000000 532.00093448 0.88218558
17.70000000 532.98056040 0.88381004
17.80000000 532.98056040 0.88381004
17.90000000 532.98056040 0.88381004
18.00000000 532.98262716 0.88381346
18.10000000 532.98262716 0.88381346
18.20000000 532.98262716 0.88381346
18.30000000 532.98362884 0.88381512
18.40000000 533.03069660 0.88389317
18.50000000 533.03069660 0.88389317
18.60000000 533.03069660 0.88389317
18.70000000 533.03069660 0.88389317
18.80000000 533.03069660 0.88389317
18.90000000 533.03069660 0.88389317
19.00000000 533.03069660 0.88389317
19.10000000 533.03069660 0.88389317
19.20000000 533.03069660 0.88389317
19.30000000 538.39430324 0.89278732
19.40000000 538.39430324 0.89278732
19.50000000 538.39430324 0.89278732
19.60000000 538.39973124 0.89279633
19.70000000 538.39973124 0.89279633
19.80000000 538.39973124 0.89279633
19.90000000 538.39973124 0.89279633
20.00000000 538.39973124 0.89279633
20.10000000 538.39973124 0.89279633
20.20000000 538.39973124 0.89279633
20.30000000 538.39973124 0.89279633
20.40000000 538.39973124 0.89279633
20.50000000 538.39973124 0.89279633
20.60000000 538.39973124 0.89279633
20.70000000 538.39973124 0.89279633
20.80000000 538.39973124 0.89279633
20.90000000 538.39973124 0.89279633
21.00000000 538.39973124 0.89279633
21.10000000 538.39973124 0.89279633
21.20000000 538.39973124 0.89279633
21.30000000 538.46422876 0.89290328
21.40000000 538.46422876 0.89290328
21.50000000 538.46708412 0.89290801
21.60000000 538.46708412 0.89290801
21.70000000 538.46806084 0.89290963
21.80000000 544.96317692 0.90368010
21.90000000 544.96317692 0.90368010
22.00000000 544.96317692 0.90368010
22.10000000 544.96317692 0.90368010
22.20000000 544.96317692 0.90368010
22.30000000 544.96663300 0.90368583
22.40000000 545.02827908 0.90378805
22.50000000 545.02827908 0.90378805
22.60000000 545.04120220 0.90380948
22.70000000 545.04120220 0.90380948
22.80000000 545.04120220 0.90380948
22.90000000 545.04120220 0.90380948
23.00000000 545.04120220 0.90380948
23.10000000 545.04120220 0.90380948
23.20000000 545.04120220 0.90380948
23.30000000 545.04120220 0.90380948
23.40000000 545.04120220 0.90380948
23.50000000 545.04120220 0.90380948
23.60000000 545.05680172 0.90383535
23.70000000 545.05680172 0.90383535
23.80000000 545.05680172 0.90383535
23.90000000 545.33905572 0.90430340
24.00000000 545.33905572 0.90430340
24.10000000 545.33905572 0.90430340
24.20000000 545.33905572 0.90430340
24.30000000 545.33905572 0.90430340
24.40000000 545.33905572 0.90430340
24.50000000 546.31317044 0.90591871
24.60000000 546.31317044 0.90591871
24.70000000 546.31317044 0.90591871
24.80000000 546.31317044 0.90591871
24.90000000 546.31317044 0.90591871
25.00000000 546.31317044 0.90591871
25.10000000 546.31317044 0.90591871
25.20000000 546.31317044 0.90591871
25.30000000 546.31317044 0.90591871
25.40000000 552.19461524 0.91567156
25.50000000 552.19461524 0.91567156
25.60000000 552.19461524 0.91567156
25.70000000 552.19461524 0.91567156
25.80000000 552.19461524 0.91567156
25.90000000 552.19556628 0.91567314
26.00000000 564.69171372 0.93639476
26.10000000 564.69770660 0.93640470
26.20000000 564.69770660 0.93640470
26.30000000 564.69770660 0.93640470
26.40000000 564.69770660 0.93640470
26.50000000 564.69770660 0.93640470
26.60000000 564.69770660 0.93640470
26.70000000 564.69770660 0.93640470
26.80000000 564.69770660 0.93640470
26.90000000 564.69770660 0.93640470
27.00000000 564.69770660 0.93640470
27.10000000 564.69770660 0.93640470
27.20000000 564.69770660 0.93640470
27.30000000 564.69770660 0.93640470
27.40000000 564.69988976 0.93640832
27.50000000 564.69988976 0.93640832
27.60000000 564.69988976 0.93640832
27.70000000 564.69988976 0.93640832
27.80000000 564.69988976 0.93640832
27.90000000 564.69988976 0.93640832
28.00000000 564.69988976 0.93640832
28.10000000 564.71678416 0.93643633
28.20000000 564.71802912 0.93643840
28.30000000 564.71802912 0.93643840
28.40000000 564.71802912 0.93643840
28.50000000 564.71802912 0.93643840
28.60000000 564.71802912 0.93643840
28.70000000 564.71802912 0.93643840
28.80000000 564.71802912 0.93643840
28.90000000 564.71802912 0.93643840
29.00000000 564.71802912 0.93643840
29.10000000 570.06008408 0.94529681
29.20000000 570.06008408 0.94529681
29.30000000 570.06008408 0.94529681
29.40000000 570.06008408 0.94529681
29.50000000 570.06008408 0.94529681
29.60000000 570.06008408 0.94529681
29.70000000 570.06008408 0.94529681
29.80000000 570.06008408 0.94529681
29.90000000 570.06113344 0.94529855
30.00000000 570.06113344 0.94529855
30.10000000 570.06113344 0.94529855
30.20000000 570.06113344 0.94529855
30.30000000 570.06113344 0.94529855
30.40000000 570.06113344 0.94529855
30.50000000 570.06113344 0.94529855
30.60000000 570.06113344 0.94529855
30.70000000 570.06113344 0.94529855
30.80000000 570.06113344 0.94529855
30.90000000 570.06113344 0.94529855
31.00000000 570.06113344 0.94529855
31.10000000 570.06113344 0.94529855
31.20000000 570.06113344 0.94529855
31.30000000 570.06113344 0.94529855
31.40000000 570.06113344 0.94529855
31.50000000 570.06113344 0.94529855
31.60000000 570.08099616 0.94533149
31.70000000 570.09935904 0.94536194
31.80000000 570.10227248 0.94536677
31.90000000 570.10227248 0.94536677
32.00000000 570.10682920 0.94537432
32.10000000 570.10682920 0.94537432
32.20000000 570.11244768 0.94538364
32.30000000 570.11244768 0.94538364
32.40000000 570.11419960 0.94538655
32.50000000 570.11419960 0.94538655
32.60000000 570.13547800 0.94542183
32.70000000 570.26191368 0.94563149
32.80000000 574.54970680 0.95274168
32.90000000 574.54970680 0.95274168
33.00000000 574.54970680 0.95274168
33.10000000 574.54970680 0.95274168
33.20000000 574.56276520 0.95276334
33.30000000 574.56276520 0.95276334
33.40000000 574.67399160 0.95294778
33.50000000 574.67399160 0.95294778
33.60000000 574.67399160 0.95294778
33.70000000 574.67399160 0.95294778
33.80000000 574.67399160 0.95294778
33.90000000 574.67399160 0.95294778
34.00000000 574.67399160 0.95294778
34.10000000 574.67399160 0.95294778
34.20000000 574.67399160 0.95294778
34.30000000 574.67399160 0.95294778
34.40000000 574.67399160 0.95294778
34.50000000 574.67399160 0.95294778
34.60000000 574.67399160 0.95294778
34.70000000 574.67399160 0.95294778
34.80000000 574.67399160 0.95294778
34.90000000 574.67399160 0.95294778
35.00000000 574.67399160 0.95294778
35.10000000 574.67399160 0.95294778
35.20000000 574.67399160 0.95294778
35.30000000 574.67399160 0.95294778
35.40000000 574.67399160 0.95294778
35.50000000 574.67399160 0.95294778
35.60000000 574.67399160 0.95294778
35.70000000 578.48748776 0.95927147
35.80000000 578.48748776 0.95927147
35.90000000 578.48748776 0.95927147
36.00000000 578.49619016 0.95928590
36.10000000 578.49619016 0.95928590
36.20000000 578.49619016 0.95928590
36.30000000 578.49619016 0.95928590
36.40000000 578.49619016 0.95928590
36.50000000 578.49619016 0.95928590
36.60000000 578.49619016 0.95928590
36.70000000 578.49619016 0.95928590
36.80000000 578.49619016 0.95928590
36.90000000 578.49619016 0.95928590
37.00000000 578.49619016 0.95928590
37.10000000 578.49619016 0.95928590
37.20000000 578.49619016 0.95928590
37.30000000 578.61598784 0.95948456
37.40000000 578.61598784 0.95948456
37.50000000 578.61598784 0.95948456
37.60000000 578.61598784 0.95948456
37.70000000 578.61598784 0.95948456
37.80000000 578.61598784 0.95948456
37.90000000 578.61598784 0.95948456
38.00000000 578.61598784 0.95948456
38.10000000 578.61598784 0.95948456
38.20000000 578.61598784 0.95948456
38.30000000 578.61598784 0.95948456
38.40000000 578.61598784 0.95948456
38.50000000 578.61598784 0.95948456
38.60000000 578.61598784 0.95948456
38.70000000 578.61598784 0.95948456
38.80000000 578.61598784 0.95948456
38.90000000 578.61598784 0.95948456
39.00000000 578.61598784 0.95948456
39.10000000 578.61598784 0.95948456
39.20000000 578.61598784 0.95948456
39.30000000 578.64158056 0.95952700
39.40000000 578.64158056 0.95952700
39.50000000 578.65358264 0.95954690
39.60000000 578.65358264 0.95954690
39.70000000 578.65358264 0.95954690
39.80000000 578.65358264 0.95954690
39.90000000 578.65358264 0.95954690
40.00000000 580.63737196 0.96283650
40.10000000 580.63737196 0.96283650
40.20000000 580.63737196 0.96283650
40.30000000 580.63737196 0.96283650
40.40000000 580.63737196 0.96283650
40.50000000 580.63737196 0.96283650
40.60000000 580.63737196 0.96283650
40.70000000 580.63737196 0.96283650
40.80000000 580.63737196 0.96283650
40.90000000 580.63737196 0.96283650
41.00000000 580.63737196 0.96283650
41.10000000 580.63737196 0.96283650
41.20000000 580.63737196 0.96283650
41.30000000 580.63737196 0.96283650
41.40000000 580.63737196 0.96283650
41.50000000 580.63737196 0.96283650
41.60000000 580.63737196 0.96283650
41.70000000 580.63737196 0.96283650
41.80000000 580.63737196 0.96283650
41.90000000 580.63737196 0.96283650
42.00000000 580.63737196 0.96283650
42.10000000 580.63856228 0.96283847
42.20000000 580.63856228 0.96283847
42.30000000 580.63856228 0.96283847
42.40000000 580.63856228 0.96283847
42.50000000 580.63856228 0.96283847
42.60000000 580.63856228 0.96283847
42.70000000 580.63856228 0.96283847
42.80000000 580.63856228 0.96283847
42.90000000 580.63856228 0.96283847
43.00000000 580.63856228 0.96283847
43.10000000 580.63856228 0.96283847
43.20000000 580.63856228 0.96283847
43.30000000 580.63856228 0.96283847
43.40000000 580.64034364 0.96284143
43.50000000 580.64034364 0.96284143
43.60000000 580.64034364 0.96284143
43.70000000 580.64034364 0.96284143
43.80000000 580.64034364 0.96284143
43.90000000 580.66107324 0.96287580
44.00000000 580.66107324 0.96287580
44.10000000 580.66107324 0.96287580
44.20000000 580.66107324 0.96287580
44.30000000 580.66419060 0.96288097
44.40000000 580.66419060 0.96288097
44.50000000 580.66419060 0.96288097
44.60000000 580.66419060 0.96288097
44.70000000 580.66419060 0.96288097
44.80000000 580.66419060 0.96288097
44.90000000 580.66419060 0.96288097
45.00000000 580.66419060 0.96288097
45.10000000 580.66419060 0.96288097
45.20000000 580.66419060 0.96288097
45.30000000 580.66419060 0.96288097
45.40000000 580.66419060 0.96288097
45.50000000 580.66419060 0.96288097
45.60000000 580.66419060 0.96288097
45.70000000 580.66419060 0.96288097
45.80000000 580.66419060 0.96288097
45.90000000 580.66419060 0.96288097
46.00000000 580.66419060 0.96288097
46.10000000 580.66419060 0.96288097
46.20000000 580.66419060 0.96288097
46.30000000 580.66419060 0.96288097
46.40000000 580.66419060 0.96288097
46.50000000 580.66419060 0.96288097
46.60000000 580.66419060 0.96288097
46.70000000 580.66419060 0.96288097
46.80000000 580.66419060 0.96288097
46.90000000 580.66419060 0.96288097
47.00000000 580.66419060 0.96288097
47.10000000 580.66419060 0.96288097
47.20000000 580.66419060 0.96288097
47.30000000 580.66419060 0.96288097
47.40000000 580.66419060 0.96288097
47.50000000 580.66419060 0.96288097
47.60000000 580.66419060 0.96288097
47.70000000 580.66419060 0.96288097
47.80000000 580.66419060 0.96288097
47.90000000 580.66419060 0.96288097
48.00000000 583.78450292 0.96805520
48.10000000 583.78450292 0.96805520
48.20000000 583.78450292 0.96805520
48.30000000 583.78700916 0.96805936
48.40000000 583.78700916 0.96805936
48.50000000 583.78700916 0.96805936
48.60000000 583.78700916 0.96805936
48.70000000 583.78700916 0.96805936
48.80000000 583.78700916 0.96805936
48.90000000 583.79342380 0.96806999
49.00000000 583.79342380 0.96806999
49.10000000 583.79342380 0.96806999
49.20000000 583.79342380 0.96806999
49.30000000 583.79620364 0.96807460
49.40000000 583.79620364 0.96807460
49.50000000 583.79620364 0.96807460
49.60000000 583.79620364 0.96807460
49.70000000 583.79620364 0.96807460
49.80000000 583.79620364 0.96807460
49.90000000 583.79620364 0.96807460
50.00000000 583.79620364 0.96807460
50.10000000 583.79620364 0.96807460
50.20000000 583.79620364 0.96807460
50.30000000 583.79620364 0.96807460
50.40000000 583.79620364 0.96807460
50.50000000 583.79620364 0.96807460
50.60000000 583.93420748 0.96830345
50.70000000 583.93420748 0.96830345
50.80000000 583.93420748 0.96830345
50.90000000 583.93420748 0.96830345
51.00000000 583.93420748 0.96830345
51.10000000 583.93420748 0.96830345
51.20000000 583.93420748 0.96830345
51.30000000 583.93420748 0.96830345
51.40000000 583.93420748 0.96830345
51.50000000 583.93420748 0.96830345
51.60000000 583.93420748 0.96830345
51.70000000 583.93420748 0.96830345
51.80000000 583.93420748 0.96830345
51.90000000 583.93420748 0.96830345
52.00000000 583.93420748 0.96830345
52.10000000 583.93420748 0.96830345
52.20000000 583.93420748 0.96830345
52.30000000 583.93420748 0.96830345
52.40000000 583.93420748 0.96830345
52.50000000 583.93420748 0.96830345
52.60000000 583.93420748 0.96830345
52.70000000 583.94456188 0.96832062
52.80000000 583.94456188 0.96832062
52.90000000 583.94456188 0.96832062
53.00000000 583.94456188 0.96832062
53.10000000 583.94456188 0.96832062
53.20000000 583.94456188 0.96832062
53.30000000 583.94456188 0.96832062
53.40000000 583.94456188 0.96832062
53.50000000 583.94456188 0.96832062
53.60000000 583.94456188 0.96832062
53.70000000 583.94456188 0.96832062
53.80000000 583.94456188 0.96832062
53.90000000 583.94456188 0.96832062
54.00000000 583.94456188 0.96832062
54.10000000 583.94456188 0.96832062
54.20000000 583.94456188 0.96832062
54.30000000 583.94456188 0.96832062
54.40000000 583.94456188 0.96832062
54.50000000 583.94456188 0.96832062
54.60000000 583.94456188 0.96832062
54.70000000 583.94456188 0.96832062
54.80000000 583.94456188 0.96832062
54.90000000 583.94456188 0.96832062
55.00000000 583.94456188 0.96832062
55.10000000 583.94456188 0.96832062
55.20000000 583.94456188 0.96832062
55.30000000 583.94456188 0.96832062
55.40000000 583.94456188 0.96832062
55.50000000 583.94456188 0.96832062
55.60000000 583.94456188 0.96832062
55.70000000 583.94456188 0.96832062
55.80000000 583.94456188 0.96832062
55.90000000 583.94456188 0.96832062
56.00000000 583.95833764 0.96834346
56.10000000 583.95833764 0.96834346
56.20000000 583.95833764 0.96834346
56.30000000 583.95833764 0.96834346
56.40000000 583.95833764 0.96834346
56.50000000 583.95833764 0.96834346
56.60000000 583.95833764 0.96834346
56.70000000 583.95957764 0.96834552
56.80000000 584.47135164 0.96919416
56.90000000 584.47472412 0.96919975
57.00000000 584.47472412 0.96919975
57.10000000 584.47472412 0.96919975
57.20000000 584.47472412 0.96919975
57.30000000 584.47472412 0.96919975
57.40000000 584.47472412 0.96919975
57.50000000 584.47472412 0.96919975
57.60000000 584.47472412 0.96919975
57.70000000 584.47472412 0.96919975
57.80000000 584.47472412 0.96919975
57.90000000 584.47472412 0.96919975
58.00000000 584.47472412 0.96919975
58.10000000 584.47472412 0.96919975
58.20000000 584.47472412 0.96919975
58.30000000 584.47472412 0.96919975
58.40000000 584.47472412 0.96919975
58.50000000 584.47472412 0.96919975
58.60000000 584.50976108 0.96925785
58.70000000 584.50976108 0.96925785
58.80000000 584.50976108 0.96925785
58.90000000 584.50976108 0.96925785
59.00000000 584.50976108 0.96925785
59.10000000 584.50976108 0.96925785
59.20000000 584.50976108 0.96925785
59.30000000 584.50976108 0.96925785
59.40000000 584.50976108 0.96925785
59.50000000 584.91578508 0.96993114
59.60000000 584.91578508 0.96993114
59.70000000 584.91578508 0.96993114
59.80000000 584.91578508 0.96993114
59.90000000 584.91578508 0.96993114
60.00000000 584.91578508 0.96993114
60.10000000 584.91578508 0.96993114
60.20000000 584.91578508 0.96993114
60.30000000 584.91578508 0.96993114
60.40000000 584.91742372 0.96993385
60.50000000 584.91742372 0.96993385
60.60000000 584.91742372 0.96993385
60.70000000 584.91742372 0.96993385
60.80000000 584.91742372 0.96993385
60.90000000 584.91742372 0.96993385
61.00000000 584.91742372 0.96993385
61.10000000 584.91742372 0.96993385
61.20000000 584.91742372 0.96993385
61.30000000 584.91742372 0.96993385
61.40000000 584.91742372 0.96993385
61.50000000 584.91742372 0.96993385
61.60000000 584.91742372 0.96993385
61.70000000 584.91742372 0.96993385
61.80000000 584.91742372 0.96993385
61.90000000 584.91742372 0.96993385
62.00000000 584.91742372 0.96993385
62.10000000 584.91742372 0.96993385
62.20000000 584.91742372 0.96993385
62.30000000 584.91742372 0.96993385
62.40000000 584.91742372 0.96993385
62.50000000 584.91742372 0.96993385
62.60000000 584.91742372 0.96993385
62.70000000 584.91742372 0.96993385
62.80000000 584.91742372 0.96993385
62.90000000 584.91742372 0.96993385
63.00000000 584.91742372 0.96993385
63.10000000 584.91742372 0.96993385
63.20000000 584.91742372 0.96993385
63.30000000 584.91742372 0.96993385
63.40000000 584.91742372 0.96993385
63.50000000 584.91830748 0.96993532
63.60000000 584.91830748 0.96993532
63.70000000 584.91830748 0.96993532
63.80000000 584.91830748 0.96993532
63.90000000 584.91830748 0.96993532
64.00000000 584.91830748 0.96993532
64.10000000 584.91830748 0.96993532
64.20000000 584.91830748 0.96993532
64.30000000 584.91830748 0.96993532
64.40000000 584.91830748 0.96993532
64.50000000 584.91830748 0.96993532
64.60000000 584.91830748 0.96993532
64.70000000 584.91830748 0.96993532
64.80000000 584.91830748 0.96993532
64.90000000 584.91830748 0.96993532
65.00000000 584.91830748 0.96993532
65.10000000 584.91830748 0.96993532
65.20000000 584.91830748 0.96993532
65.30000000 584.91830748 0.96993532
65.40000000 584.91830748 0.96993532
65.50000000 584.91830748 0.96993532
65.60000000 584.91830748 0.96993532
65.70000000 584.91830748 0.96993532
65.80000000 584.91830748 0.96993532
65.90000000 584.91830748 0.96993532
66.00000000 584.91830748 0.96993532
66.10000000 584.94118420 0.96997326
66.20000000 584.94118420 0.96997326
66.30000000 584.94118420 0.96997326
66.40000000 584.94118420 0.96997326
66.50000000 584.94118420 0.96997326
66.60000000 584.94118420 0.96997326
66.70000000 584.94118420 0.96997326
66.80000000 584.94118420 0.96997326
66.90000000 584.94118420 0.96997326
67.00000000 584.94118420 0.96997326
67.10000000 584.94259012 0.96997559
67.20000000 584.94259012 0.96997559
67.30000000 584.94259012 0.96997559
67.40000000 584.95898188 0.97000277
67.50000000 584.95898188 0.97000277
67.60000000 584.95898188 0.97000277
67.70000000 584.95898188 0.97000277
67.80000000 584.95898188 0.97000277
67.90000000 584.95898188 0.97000277
68.00000000 584.95898188 0.97000277
68.10000000 584.95898188 0.97000277
68.20000000 584.95898188 0.97000277
68.30000000 584.95898188 0.97000277
68.40000000 584.95898188 0.97000277
68.50000000 584.95898188 0.97000277
68.60000000 584.95898188 0.97000277
68.70000000 584.95898188 0.97000277
68.80000000 584.95898188 0.97000277
68.90000000 584.95898188 0.97000277
69.00000000 584.95898188 0.97000277
69.10000000 584.95898188 0.97000277
69.20000000 584.95898188 0.97000277
69.30000000 584.95898188 0.97000277
69.40000000 584.95898188 0.97000277
69.50000000 584.95898188 0.97000277
69.60000000 584.95898188 0.97000277
69.70000000 584.95898188 0.97000277
69.80000000 584.95898188 0.97000277
69.90000000 584.95898188 0.97000277
70.00000000 584.95979212 0.97000411
70.10000000 584.95979212 0.97000411
70.20000000 584.95979212 0.97000411
70.30000000 584.95979212 0.97000411
70.40000000 584.95979212 0.97000411
70.50000000 584.95979212 0.97000411
70.60000000 584.95979212 0.97000411
70.70000000 584.96255644 0.97000870
70.80000000 584.96255644 0.97000870
70.90000000 584.96255644 0.97000870
71.00000000 584.96255644 0.97000870
71.10000000 584.96255644 0.97000870
71.20000000 584.96255644 0.97000870
71.30000000 584.96255644 0.97000870
71.40000000 584.96255644 0.97000870
71.50000000 584.96255644 0.97000870
71.60000000 584.96255644 0.97000870
71.70000000 584.96255644 0.97000870
71.80000000 584.96255644 0.97000870
71.90000000 584.96255644 0.97000870
72.00000000 584.96255644 0.97000870
72.10000000 584.96255644 0.97000870
72.20000000 584.96255644 0.97000870
72.30000000 584.96255644 0.97000870
72.40000000 584.96255644 0.97000870
72.50000000 584.96255644 0.97000870
72.60000000 584.96255644 0.97000870
72.70000000 584.96255644 0.97000870
72.80000000 584.96255644 0.97000870
72.90000000 584.96255644 0.97000870
73.00000000 584.96255644 0.97000870
73.10000000 584.96255644 0.97000870
73.20000000 584.96255644 0.97000870
73.30000000 584.96255644 0.97000870
73.40000000 584.96255644 0.97000870
73.50000000 584.96255644 0.97000870
73.60000000 585.07554596 0.97019606
73.70000000 585.07554596 0.97019606
73.80000000 585.07554596 0.97019606
73.90000000 585.07554596 0.97019606
74.00000000 585.07554596 0.97019606
74.10000000 585.07554596 0.97019606
74.20000000 585.07554596 0.97019606
74.30000000 585.07554596 0.97019606
74.40000000 585.07554596 0.97019606
74.50000000 585.08293396 0.97020831
74.60000000 585.08293396 0.97020831
74.70000000 585.08293396 0.97020831
74.80000000 585.08293396 0.97020831
74.90000000 585.08293396 0.97020831
75.00000000 585.08293396 0.97020831
75.10000000 585.08293396 0.97020831
75.20000000 585.08293396 0.97020831
75.30000000 585.08293396 0.97020831
75.40000000 585.08293396 0.97020831
75.50000000 585.08293396 0.97020831
75.60000000 585.08293396 0.97020831
75.70000000 585.08293396 0.97020831
75.80000000 585.08293396 0.97020831
75.90000000 585.08293396 0.97020831
76.00000000 585.08293396 0.97020831
76.10000000 585.08293396 0.97020831
76.20000000 585.08293396 0.97020831
76.30000000 585.08293396 0.97020831
76.40000000 585.08293396 0.97020831
76.50000000 585.08293396 0.97020831
76.60000000 585.08293396 0.97020831
76.70000000 585.08293396 0.97020831
76.80000000 585.08293396 0.97020831
76.90000000 585.08293396 0.97020831
77.00000000 585.08293396 0.97020831
77.10000000 585.08293396 0.97020831
77.20000000 585.08293396 0.97020831
77.30000000 585.08293396 0.97020831
77.40000000 585.08293396 0.97020831
77.50000000 585.08293396 0.97020831
77.60000000 585.08293396 0.97020831
77.70000000 585.08293396 0.97020831
77.80000000 593.07947804 0.98346850
77.90000000 593.07947804 0.98346850
78.00000000 593.07947804 0.98346850
78.10000000 593.07947804 0.98346850
78.20000000 593.07947804 0.98346850
78.30000000 593.07947804 0.98346850
78.40000000 593.14947068 0.98358457
78.50000000 593.14947068 0.98358457
78.60000000 593.14947068 0.98358457
78.70000000 593.14947068 0.98358457
78.80000000 593.14947068 0.98358457
78.90000000 593.14947068 0.98358457
79.00000000 593.14947068 0.98358457
79.10000000 593.14947068 0.98358457
79.20000000 593.14947068 0.98358457
79.30000000 593.14947068 0.98358457
79.40000000 593.14947068 0.98358457
79.50000000 593.14947068 0.98358457
79.60000000 593.14947068 0.98358457
79.70000000 593.14947068 0.98358457
79.80000000 593.14947068 0.98358457
79.90000000 593.14947068 0.98358457
80.00000000 593.14947068 0.98358457
80.10000000 593.14947068 0.98358457
80.20000000 593.15578724 0.98359504
80.30000000 593.15578724 0.98359504
80.40000000 593.15578724 0.98359504
80.50000000 593.15578724 0.98359504
80.60000000 593.15578724 0.98359504
80.70000000 593.15578724 0.98359504
80.80000000 593.15578724 0.98359504
80.90000000 595.13163524 0.98687148
81.00000000 595.13163524 0.98687148
81.10000000 595.13163524 0.98687148
81.20000000 595.13163524 0.98687148
81.30000000 595.13163524 0.98687148
81.40000000 595.13163524 0.98687148
81.50000000 595.13163524 0.98687148
81.60000000 595.13163524 0.98687148
81.70000000 595.13163524 0.98687148
81.80000000 595.13163524 0.98687148
81.90000000 595.13884072 0.98688342
82.00000000 595.13884072 0.98688342
82.10000000 595.13884072 0.98688342
82.20000000 595.13884072 0.98688342
82.30000000 595.13884072 0.98688342
82.40000000 595.13884072 0.98688342
82.50000000 595.14009888 0.98688551
82.60000000 595.14009888 0.98688551
82.70000000 595.14009888 0.98688551
82.80000000 595.14009888 0.98688551
82.90000000 595.14009888 0.98688551
83.00000000 595.14009888 0.98688551
83.10000000 595.14009888 0.98688551
83.20000000 595.14009888 0.98688551
83.30000000 595.14009888 0.98688551
83.40000000 595.14009888 0.98688551
83.50000000 595.14009888 0.98688551
83.60000000 595.14009888 0.98688551
83.70000000 595.14009888 0.98688551
83.80000000 595.14009888 0.98688551
83.90000000 603.04503248 0.99999379
84.00000000 603.04503248 0.99999379
84.10000000 603.04503248 0.99999379
84.20000000 603.04503248 0.99999379
84.30000000 603.04503248 0.99999379
84.40000000 603.04503248 0.99999379
84.50000000 603.04503248 0.99999379
84.60000000 603.04503248 0.99999379
84.70000000 603.04503248 0.99999379
84.80000000 603.04503248 0.99999379
84.90000000 603.04503248 0.99999379
85.00000000 603.04503248 0.99999379
85.10000000 603.04503248 0.99999379
85.20000000 603.04503248 0.99999379
85.30000000 603.04503248 0.99999379
85.40000000 603.04503248 0.99999379
85.50000000 603.04503248 0.99999379
85.60000000 603.04503248 0.99999379
85.70000000 603.04503248 0.99999379
85.80000000 603.04503248 0.99999379
85.90000000 603.04503248 0.99999379
86.00000000 603.04503248 0.99999379
86.10000000 603.04503248 0.99999379
86.20000000 603.04503248 0.99999379
86.30000000 603.04503248 0.99999379
86.40000000 603.04503248 0.99999379
86.50000000 603.04503248 0.99999379
86.60000000 603.04503248 0.99999379
86.70000000 603.04503248 0.99999379
86.80000000 603.04503248 0.99999379
86.90000000 603.04503248 0.99999379
87.00000000 603.04503248 0.99999379
87.10000000 603.04877600 1.00000000
87.20000000 603.04877600 1.00000000
87.30000000 603.04877600 1.00000000
87.40000000 603.04877600 1.00000000
87.50000000 603.04877600 1.00000000
87.60000000 603.04877600 1.00000000
87.70000000 603.04877600 1.00000000
87.80000000 603.04877600 1.00000000
87.90000000 603.04877600 1.00000000
88.00000000 603.04877600 1.00000000
88.10000000 603.04877600 1.00000000
88.20000000 603.04877600 1.00000000
88.30000000 603.04877600 1.00000000
88.40000000 603.04877600 1.00000000
88.50000000 603.04877600 1.00000000
88.60000000 603.04877600 1.00000000
88.70000000 603.04877600 1.00000000
88.80000000 603.04877600 1.00000000
88.90000000 603.04877600 1.00000000
89.00000000 603.04877600 1.00000000
89.10000000 603.04877600 1.00000000
89.20000000 603.04877600 1.00000000
89.30000000 603.04877600 1.00000000
89.40000000 603.04877600 1.00000000
89.50000000 603.04877600 1.00000000
89.60000000 603.04877600 1.00000000
89.70000000 603.04877600 1.00000000
89.80000000 603.04877600 1.00000000
89.90000000 603.04877600 1.00000000
90.00000000 603.04877600 1.00000000
